{"song": "All Of Me", "source": "ireal_clean_symbolic", "scheme": "V1_binary", "n_bars": 32, "key": "C", "grains": {"1": {"n_blocks": 32, "spans": [[0, 1], [1, 2], [2, 3], [3, 4], [4, 5], [5, 6], [6, 7], [7, 8], [8, 9], [9, 10], [10, 11], [11, 12], [12, 13], [13, 14], [14, 15], [15, 16], [16, 17], [17, 18], [18, 19], [19, 20], [20, 21], [21, 22], [22, 23], [23, 24], [24, 25], [25, 26], [26, 27], [27, 28], [28, 29], [29, 30], [30, 31], [31, 32]], "similarity_matrix": [[1.0000000000000002, 1.0000000000000002, 0.2886751345948129, 0.2886751345948129, 0.5773502691896258, 0.5773502691896258, 0.0, 0.0, 0.2886751345948129, 0.2886751345948129, 0.6666666666666667, 0.6666666666666667, 0.2886751345948129, 0.2886751345948129, 0.0, 0.2886751345948129, 1.0000000000000002, 1.0000000000000002, 0.2886751345948129, 0.2886751345948129, 0.5773502691896258, 0.5773502691896258, 0.0, 0.0, 0.33333333333333337, 0.33333333333333337, 0.6666666666666667, 0.5773502691896258, 0.0, 0.2886751345948129, 0.7071067811865476, 0.17407765595569785], [1.0000000000000002, 1.0000000000000002, 0.2886751345948129, 0.2886751345948129, 0.5773502691896258, 0.5773502691896258, 0.0, 0.0, 0.2886751345948129, 0.2886751345948129, 0.6666666666666667, 0.6666666666666667, 0.2886751345948129, 0.2886751345948129, 0.0, 0.2886751345948129, 1.0000000000000002, 1.0000000000000002, 0.2886751345948129, 0.2886751345948129, 0.5773502691896258, 0.5773502691896258, 0.0, 0.0, 0.33333333333333337, 0.33333333333333337, 0.6666666666666667, 0.5773502691896258, 0.0, 0.2886751345948129, 0.7071067811865476, 0.17407765595569785], [0.2886751345948129, 0.2886751345948129, 1.0, 1.0, 0.25, 0.25, 0.2886751345948129, 0.2886751345948129, 1.0, 1.0, 0.2886751345948129, 0.2886751345948129, 0.25, 0.25, 0.2886751345948129, 0.5, 0.2886751345948129, 0.2886751345948129, 1.0, 1.0, 0.25, 0.25, 0.2886751345948129, 0.2886751345948129, 0.0, 0.2886751345948129, 0.5773502691896258, 0.25, 0.2886751345948129, 0.5, 0.20412414523193154, 0.45226701686664544], [0.2886751345948129, 0.2886751345948129, 1.0, 1.0, 0.25, 0.25, 0.2886751345948129, 0.2886751345948129, 1.0, 1.0, 0.2886751345948129, 0.2886751345948129, 0.25, 0.25, 0.2886751345948129, 0.5, 0.2886751345948129, 0.2886751345948129, 1.0, 1.0, 0.25, 0.25, 0.2886751345948129, 0.2886751345948129, 0.0, 0.2886751345948129, 0.5773502691896258, 0.25, 0.2886751345948129, 0.5, 0.20412414523193154, 0.45226701686664544], [0.5773502691896258, 0.5773502691896258, 0.25, 0.25, 1.0, 1.0, 0.2886751345948129, 0.2886751345948129, 0.25, 0.25, 0.5773502691896258, 0.5773502691896258, 0.25, 0.25, 0.2886751345948129, 0.25, 0.5773502691896258, 0.5773502691896258, 0.25, 0.25, 1.0, 1.0, 0.2886751345948129, 0.2886751345948129, 0.2886751345948129, 0.0, 0.5773502691896258, 1.0, 0.2886751345948129, 0.25, 0.6123724356957946, 0.30151134457776363], [0.5773502691896258, 0.5773502691896258, 0.25, 0.25, 1.0, 1.0, 0.2886751345948129, 0.2886751345948129, 0.25, 0.25, 0.5773502691896258, 0.5773502691896258, 0.25, 0.25, 0.2886751345948129, 0.25, 0.5773502691896258, 0.5773502691896258, 0.25, 0.25, 1.0, 1.0, 0.2886751345948129, 0.2886751345948129, 0.2886751345948129, 0.0, 0.5773502691896258, 1.0, 0.2886751345948129, 0.25, 0.6123724356957946, 0.30151134457776363], [0.0, 0.0, 0.2886751345948129, 0.2886751345948129, 0.2886751345948129, 0.2886751345948129, 1.0000000000000002, 1.0000000000000002, 0.2886751345948129, 0.2886751345948129, 0.33333333333333337, 0.33333333333333337, 0.5773502691896258, 0.5773502691896258, 1.0000000000000002, 0.5773502691896258, 0.0, 0.0, 0.2886751345948129, 0.2886751345948129, 0.2886751345948129, 0.2886751345948129, 1.0000000000000002, 1.0000000000000002, 0.6666666666666667, 0.33333333333333337, 0.0, 0.2886751345948129, 1.0000000000000002, 0.5773502691896258, 0.23570226039551587, 0.8703882797784892], [0.0, 0.0, 0.2886751345948129, 0.2886751345948129, 0.2886751345948129, 0.2886751345948129, 1.0000000000000002, 1.0000000000000002, 0.2886751345948129, 0.2886751345948129, 0.33333333333333337, 0.33333333333333337, 0.5773502691896258, 0.5773502691896258, 1.0000000000000002, 0.5773502691896258, 0.0, 0.0, 0.2886751345948129, 0.2886751345948129, 0.2886751345948129, 0.2886751345948129, 1.0000000000000002, 1.0000000000000002, 0.6666666666666667, 0.33333333333333337, 0.0, 0.2886751345948129, 1.0000000000000002, 0.5773502691896258, 0.23570226039551587, 0.8703882797784892], [0.2886751345948129, 0.2886751345948129, 1.0, 1.0, 0.25, 0.25, 0.2886751345948129, 0.2886751345948129, 1.0, 1.0, 0.2886751345948129, 0.2886751345948129, 0.25, 0.25, 0.2886751345948129, 0.5, 0.2886751345948129, 0.2886751345948129, 1.0, 1.0, 0.25, 0.25, 0.2886751345948129, 0.2886751345948129, 0.0, 0.2886751345948129, 0.5773502691896258, 0.25, 0.2886751345948129, 0.5, 0.20412414523193154, 0.45226701686664544], [0.2886751345948129, 0.2886751345948129, 1.0, 1.0, 0.25, 0.25, 0.2886751345948129, 0.2886751345948129, 1.0, 1.0, 0.2886751345948129, 0.2886751345948129, 0.25, 0.25, 0.2886751345948129, 0.5, 0.2886751345948129, 0.2886751345948129, 1.0, 1.0, 0.25, 0.25, 0.2886751345948129, 0.2886751345948129, 0.0, 0.2886751345948129, 0.5773502691896258, 0.25, 0.2886751345948129, 0.5, 0.20412414523193154, 0.45226701686664544], [0.6666666666666667, 0.6666666666666667, 0.2886751345948129, 0.2886751345948129, 0.5773502691896258, 0.5773502691896258, 0.33333333333333337, 0.33333333333333337, 0.2886751345948129, 0.2886751345948129, 1.0000000000000002, 1.0000000000000002, 0.5773502691896258, 0.5773502691896258, 0.33333333333333337, 0.0, 0.6666666666666667, 0.6666666666666667, 0.2886751345948129, 0.2886751345948129, 0.5773502691896258, 0.5773502691896258, 0.33333333333333337, 0.33333333333333337, 0.6666666666666667, 0.33333333333333337, 0.33333333333333337, 0.5773502691896258, 0.33333333333333337, 0.0, 0.7071067811865476, 0.17407765595569785], [0.6666666666666667, 0.6666666666666667, 0.2886751345948129, 0.2886751345948129, 0.5773502691896258, 0.5773502691896258, 0.33333333333333337, 0.33333333333333337, 0.2886751345948129, 0.2886751345948129, 1.0000000000000002, 1.0000000000000002, 0.5773502691896258, 0.5773502691896258, 0.33333333333333337, 0.0, 0.6666666666666667, 0.6666666666666667, 0.2886751345948129, 0.2886751345948129, 0.5773502691896258, 0.5773502691896258, 0.33333333333333337, 0.33333333333333337, 0.6666666666666667, 0.33333333333333337, 0.33333333333333337, 0.5773502691896258, 0.33333333333333337, 0.0, 0.7071067811865476, 0.17407765595569785], [0.2886751345948129, 0.2886751345948129, 0.25, 0.25, 0.25, 0.25, 0.5773502691896258, 0.5773502691896258, 0.25, 0.25, 0.5773502691896258, 0.5773502691896258, 1.0, 1.0, 0.5773502691896258, 0.25, 0.2886751345948129, 0.2886751345948129, 0.25, 0.25, 0.25, 0.25, 0.5773502691896258, 0.5773502691896258, 0.5773502691896258, 0.2886751345948129, 0.0, 0.25, 0.5773502691896258, 0.25, 0.6123724356957946, 0.45226701686664544], [0.2886751345948129, 0.2886751345948129, 0.25, 0.25, 0.25, 0.25, 0.5773502691896258, 0.5773502691896258, 0.25, 0.25, 0.5773502691896258, 0.5773502691896258, 1.0, 1.0, 0.5773502691896258, 0.25, 0.2886751345948129, 0.2886751345948129, 0.25, 0.25, 0.25, 0.25, 0.5773502691896258, 0.5773502691896258, 0.5773502691896258, 0.2886751345948129, 0.0, 0.25, 0.5773502691896258, 0.25, 0.6123724356957946, 0.45226701686664544], [0.0, 0.0, 0.2886751345948129, 0.2886751345948129, 0.2886751345948129, 0.2886751345948129, 1.0000000000000002, 1.0000000000000002, 0.2886751345948129, 0.2886751345948129, 0.33333333333333337, 0.33333333333333337, 0.5773502691896258, 0.5773502691896258, 1.0000000000000002, 0.5773502691896258, 0.0, 0.0, 0.2886751345948129, 0.2886751345948129, 0.2886751345948129, 0.2886751345948129, 1.0000000000000002, 1.0000000000000002, 0.6666666666666667, 0.33333333333333337, 0.0, 0.2886751345948129, 1.0000000000000002, 0.5773502691896258, 0.23570226039551587, 0.8703882797784892], [0.2886751345948129, 0.2886751345948129, 0.5, 0.5, 0.25, 0.25, 0.5773502691896258, 0.5773502691896258, 0.5, 0.5, 0.0, 0.0, 0.25, 0.25, 0.5773502691896258, 1.0, 0.2886751345948129, 0.2886751345948129, 0.5, 0.5, 0.25, 0.25, 0.5773502691896258, 0.5773502691896258, 0.2886751345948129, 0.2886751345948129, 0.5773502691896258, 0.25, 0.5773502691896258, 1.0, 0.20412414523193154, 0.9045340337332909], [1.0000000000000002, 1.0000000000000002, 0.2886751345948129, 0.2886751345948129, 0.5773502691896258, 0.5773502691896258, 0.0, 0.0, 0.2886751345948129, 0.2886751345948129, 0.6666666666666667, 0.6666666666666667, 0.2886751345948129, 0.2886751345948129, 0.0, 0.2886751345948129, 1.0000000000000002, 1.0000000000000002, 0.2886751345948129, 0.2886751345948129, 0.5773502691896258, 0.5773502691896258, 0.0, 0.0, 0.33333333333333337, 0.33333333333333337, 0.6666666666666667, 0.5773502691896258, 0.0, 0.2886751345948129, 0.7071067811865476, 0.17407765595569785], [1.0000000000000002, 1.0000000000000002, 0.2886751345948129, 0.2886751345948129, 0.5773502691896258, 0.5773502691896258, 0.0, 0.0, 0.2886751345948129, 0.2886751345948129, 0.6666666666666667, 0.6666666666666667, 0.2886751345948129, 0.2886751345948129, 0.0, 0.2886751345948129, 1.0000000000000002, 1.0000000000000002, 0.2886751345948129, 0.2886751345948129, 0.5773502691896258, 0.5773502691896258, 0.0, 0.0, 0.33333333333333337, 0.33333333333333337, 0.6666666666666667, 0.5773502691896258, 0.0, 0.2886751345948129, 0.7071067811865476, 0.17407765595569785], [0.2886751345948129, 0.2886751345948129, 1.0, 1.0, 0.25, 0.25, 0.2886751345948129, 0.2886751345948129, 1.0, 1.0, 0.2886751345948129, 0.2886751345948129, 0.25, 0.25, 0.2886751345948129, 0.5, 0.2886751345948129, 0.2886751345948129, 1.0, 1.0, 0.25, 0.25, 0.2886751345948129, 0.2886751345948129, 0.0, 0.2886751345948129, 0.5773502691896258, 0.25, 0.2886751345948129, 0.5, 0.20412414523193154, 0.45226701686664544], [0.2886751345948129, 0.2886751345948129, 1.0, 1.0, 0.25, 0.25, 0.2886751345948129, 0.2886751345948129, 1.0, 1.0, 0.2886751345948129, 0.2886751345948129, 0.25, 0.25, 0.2886751345948129, 0.5, 0.2886751345948129, 0.2886751345948129, 1.0, 1.0, 0.25, 0.25, 0.2886751345948129, 0.2886751345948129, 0.0, 0.2886751345948129, 0.5773502691896258, 0.25, 0.2886751345948129, 0.5, 0.20412414523193154, 0.45226701686664544], [0.5773502691896258, 0.5773502691896258, 0.25, 0.25, 1.0, 1.0, 0.2886751345948129, 0.2886751345948129, 0.25, 0.25, 0.5773502691896258, 0.5773502691896258, 0.25, 0.25, 0.2886751345948129, 0.25, 0.5773502691896258, 0.5773502691896258, 0.25, 0.25, 1.0, 1.0, 0.2886751345948129, 0.2886751345948129, 0.2886751345948129, 0.0, 0.5773502691896258, 1.0, 0.2886751345948129, 0.25, 0.6123724356957946, 0.30151134457776363], [0.5773502691896258, 0.5773502691896258, 0.25, 0.25, 1.0, 1.0, 0.2886751345948129, 0.2886751345948129, 0.25, 0.25, 0.5773502691896258, 0.5773502691896258, 0.25, 0.25, 0.2886751345948129, 0.25, 0.5773502691896258, 0.5773502691896258, 0.25, 0.25, 1.0, 1.0, 0.2886751345948129, 0.2886751345948129, 0.2886751345948129, 0.0, 0.5773502691896258, 1.0, 0.2886751345948129, 0.25, 0.6123724356957946, 0.30151134457776363], [0.0, 0.0, 0.2886751345948129, 0.2886751345948129, 0.2886751345948129, 0.2886751345948129, 1.0000000000000002, 1.0000000000000002, 0.2886751345948129, 0.2886751345948129, 0.33333333333333337, 0.33333333333333337, 0.5773502691896258, 0.5773502691896258, 1.0000000000000002, 0.5773502691896258, 0.0, 0.0, 0.2886751345948129, 0.2886751345948129, 0.2886751345948129, 0.2886751345948129, 1.0000000000000002, 1.0000000000000002, 0.6666666666666667, 0.33333333333333337, 0.0, 0.2886751345948129, 1.0000000000000002, 0.5773502691896258, 0.23570226039551587, 0.8703882797784892], [0.0, 0.0, 0.2886751345948129, 0.2886751345948129, 0.2886751345948129, 0.2886751345948129, 1.0000000000000002, 1.0000000000000002, 0.2886751345948129, 0.2886751345948129, 0.33333333333333337, 0.33333333333333337, 0.5773502691896258, 0.5773502691896258, 1.0000000000000002, 0.5773502691896258, 0.0, 0.0, 0.2886751345948129, 0.2886751345948129, 0.2886751345948129, 0.2886751345948129, 1.0000000000000002, 1.0000000000000002, 0.6666666666666667, 0.33333333333333337, 0.0, 0.2886751345948129, 1.0000000000000002, 0.5773502691896258, 0.23570226039551587, 0.8703882797784892], [0.33333333333333337, 0.33333333333333337, 0.0, 0.0, 0.2886751345948129, 0.2886751345948129, 0.6666666666666667, 0.6666666666666667, 0.0, 0.0, 0.6666666666666667, 0.6666666666666667, 0.5773502691896258, 0.5773502691896258, 0.6666666666666667, 0.2886751345948129, 0.33333333333333337, 0.33333333333333337, 0.0, 0.0, 0.2886751345948129, 0.2886751345948129, 0.6666666666666667, 0.6666666666666667, 1.0000000000000002, 0.6666666666666667, 0.0, 0.2886751345948129, 0.6666666666666667, 0.2886751345948129, 0.47140452079103173, 0.5222329678670935], [0.33333333333333337, 0.33333333333333337, 0.2886751345948129, 0.2886751345948129, 0.0, 0.0, 0.33333333333333337, 0.33333333333333337, 0.2886751345948129, 0.2886751345948129, 0.33333333333333337, 0.33333333333333337, 0.2886751345948129, 0.2886751345948129, 0.33333333333333337, 0.2886751345948129, 0.33333333333333337, 0.33333333333333337, 0.2886751345948129, 0.2886751345948129, 0.0, 0.0, 0.33333333333333337, 0.33333333333333337, 0.6666666666666667, 1.0000000000000002, 0.0, 0.0, 0.33333333333333337, 0.2886751345948129, 0.23570226039551587, 0.3481553119113957], [0.6666666666666667, 0.6666666666666667, 0.5773502691896258, 0.5773502691896258, 0.5773502691896258, 0.5773502691896258, 0.0, 0.0, 0.5773502691896258, 0.5773502691896258, 0.33333333333333337, 0.33333333333333337, 0.0, 0.0, 0.0, 0.5773502691896258, 0.6666666666666667, 0.6666666666666667, 0.5773502691896258, 0.5773502691896258, 0.5773502691896258, 0.5773502691896258, 0.0, 0.0, 0.0, 0.0, 1.0000000000000002, 0.5773502691896258, 0.0, 0.5773502691896258, 0.47140452079103173, 0.3481553119113957], [0.5773502691896258, 0.5773502691896258, 0.25, 0.25, 1.0, 1.0, 0.2886751345948129, 0.2886751345948129, 0.25, 0.25, 0.5773502691896258, 0.5773502691896258, 0.25, 0.25, 0.2886751345948129, 0.25, 0.5773502691896258, 0.5773502691896258, 0.25, 0.25, 1.0, 1.0, 0.2886751345948129, 0.2886751345948129, 0.2886751345948129, 0.0, 0.5773502691896258, 1.0, 0.2886751345948129, 0.25, 0.6123724356957946, 0.30151134457776363], [0.0, 0.0, 0.2886751345948129, 0.2886751345948129, 0.2886751345948129, 0.2886751345948129, 1.0000000000000002, 1.0000000000000002, 0.2886751345948129, 0.2886751345948129, 0.33333333333333337, 0.33333333333333337, 0.5773502691896258, 0.5773502691896258, 1.0000000000000002, 0.5773502691896258, 0.0, 0.0, 0.2886751345948129, 0.2886751345948129, 0.2886751345948129, 0.2886751345948129, 1.0000000000000002, 1.0000000000000002, 0.6666666666666667, 0.33333333333333337, 0.0, 0.2886751345948129, 1.0000000000000002, 0.5773502691896258, 0.23570226039551587, 0.8703882797784892], [0.2886751345948129, 0.2886751345948129, 0.5, 0.5, 0.25, 0.25, 0.5773502691896258, 0.5773502691896258, 0.5, 0.5, 0.0, 0.0, 0.25, 0.25, 0.5773502691896258, 1.0, 0.2886751345948129, 0.2886751345948129, 0.5, 0.5, 0.25, 0.25, 0.5773502691896258, 0.5773502691896258, 0.2886751345948129, 0.2886751345948129, 0.5773502691896258, 0.25, 0.5773502691896258, 1.0, 0.20412414523193154, 0.9045340337332909], [0.7071067811865476, 0.7071067811865476, 0.20412414523193154, 0.20412414523193154, 0.6123724356957946, 0.6123724356957946, 0.23570226039551587, 0.23570226039551587, 0.20412414523193154, 0.20412414523193154, 0.7071067811865476, 0.7071067811865476, 0.6123724356957946, 0.6123724356957946, 0.23570226039551587, 0.20412414523193154, 0.7071067811865476, 0.7071067811865476, 0.20412414523193154, 0.20412414523193154, 0.6123724356957946, 0.6123724356957946, 0.23570226039551587, 0.23570226039551587, 0.47140452079103173, 0.23570226039551587, 0.47140452079103173, 0.6123724356957946, 0.23570226039551587, 0.20412414523193154, 1.0000000000000002, 0.2461829819586655], [0.17407765595569785, 0.17407765595569785, 0.45226701686664544, 0.45226701686664544, 0.30151134457776363, 0.30151134457776363, 0.8703882797784892, 0.8703882797784892, 0.45226701686664544, 0.45226701686664544, 0.17407765595569785, 0.17407765595569785, 0.45226701686664544, 0.45226701686664544, 0.8703882797784892, 0.9045340337332909, 0.17407765595569785, 0.17407765595569785, 0.45226701686664544, 0.45226701686664544, 0.30151134457776363, 0.30151134457776363, 0.8703882797784892, 0.8703882797784892, 0.5222329678670935, 0.3481553119113957, 0.3481553119113957, 0.30151134457776363, 0.8703882797784892, 0.9045340337332909, 0.2461829819586655, 1.0]], "labels": ["A", "A", "A", "A", "A", "A", "A", "A", "B", "B", "B", "B", "B", "B", "B", "B", "A", "A", "A", "A", "A", "A", "A", "A", "C", "C", "C", "C", "C", "C", "C", "C"]}, "2": {"n_blocks": 16, "spans": [[0, 2], [2, 4], [4, 6], [6, 8], [8, 10], [10, 12], [12, 14], [14, 16], [16, 18], [18, 20], [20, 22], [22, 24], [24, 26], [26, 28], [28, 30], [30, 32]], "similarity_matrix": [[1.0000000000000002, 0.2886751345948129, 0.5773502691896258, 0.0, 0.2886751345948129, 0.6666666666666667, 0.2886751345948129, 0.1543033499620919, 1.0000000000000002, 0.2886751345948129, 0.5773502691896258, 0.0, 0.33333333333333337, 0.6172133998483676, 0.1543033499620919, 0.39605901719066977], [0.2886751345948129, 0.9999999999999998, 0.24999999999999994, 0.2886751345948129, 0.9999999999999998, 0.2886751345948129, 0.24999999999999994, 0.40089186286863654, 0.2886751345948129, 0.9999999999999998, 0.24999999999999994, 0.2886751345948129, 0.14433756729740646, 0.40089186286863654, 0.40089186286863654, 0.34299717028501764], [0.5773502691896258, 0.24999999999999994, 0.9999999999999998, 0.2886751345948129, 0.24999999999999994, 0.5773502691896258, 0.24999999999999994, 0.26726124191242434, 0.5773502691896258, 0.24999999999999994, 0.9999999999999998, 0.2886751345948129, 0.14433756729740646, 0.8017837257372731, 0.26726124191242434, 0.42874646285627205], [0.0, 0.2886751345948129, 0.2886751345948129, 1.0000000000000002, 0.2886751345948129, 0.33333333333333337, 0.5773502691896258, 0.7715167498104595, 0.0, 0.2886751345948129, 0.2886751345948129, 1.0000000000000002, 0.5000000000000001, 0.1543033499620919, 0.7715167498104595, 0.5940885257860046], [0.2886751345948129, 0.9999999999999998, 0.24999999999999994, 0.2886751345948129, 0.9999999999999998, 0.2886751345948129, 0.24999999999999994, 0.40089186286863654, 0.2886751345948129, 0.9999999999999998, 0.24999999999999994, 0.2886751345948129, 0.14433756729740646, 0.40089186286863654, 0.40089186286863654, 0.34299717028501764], [0.6666666666666667, 0.2886751345948129, 0.5773502691896258, 0.33333333333333337, 0.2886751345948129, 1.0000000000000002, 0.5773502691896258, 0.1543033499620919, 0.6666666666666667, 0.2886751345948129, 0.5773502691896258, 0.33333333333333337, 0.5000000000000001, 0.4629100498862757, 0.1543033499620919, 0.39605901719066977], [0.2886751345948129, 0.24999999999999994, 0.24999999999999994, 0.5773502691896258, 0.24999999999999994, 0.5773502691896258, 0.9999999999999998, 0.40089186286863654, 0.2886751345948129, 0.24999999999999994, 0.24999999999999994, 0.5773502691896258, 0.43301270189221935, 0.13363062095621217, 0.40089186286863654, 0.5144957554275265], [0.1543033499620919, 0.40089186286863654, 0.26726124191242434, 0.7715167498104595, 0.40089186286863654, 0.1543033499620919, 0.40089186286863654, 0.9999999999999999, 0.1543033499620919, 0.40089186286863654, 0.26726124191242434, 0.7715167498104595, 0.4629100498862757, 0.14285714285714285, 0.9999999999999999, 0.6416889479197478], [1.0000000000000002, 0.2886751345948129, 0.5773502691896258, 0.0, 0.2886751345948129, 0.6666666666666667, 0.2886751345948129, 0.1543033499620919, 1.0000000000000002, 0.2886751345948129, 0.5773502691896258, 0.0, 0.33333333333333337, 0.6172133998483676, 0.1543033499620919, 0.39605901719066977], [0.2886751345948129, 0.9999999999999998, 0.24999999999999994, 0.2886751345948129, 0.9999999999999998, 0.2886751345948129, 0.24999999999999994, 0.40089186286863654, 0.2886751345948129, 0.9999999999999998, 0.24999999999999994, 0.2886751345948129, 0.14433756729740646, 0.40089186286863654, 0.40089186286863654, 0.34299717028501764], [0.5773502691896258, 0.24999999999999994, 0.9999999999999998, 0.2886751345948129, 0.24999999999999994, 0.5773502691896258, 0.24999999999999994, 0.26726124191242434, 0.5773502691896258, 0.24999999999999994, 0.9999999999999998, 0.2886751345948129, 0.14433756729740646, 0.8017837257372731, 0.26726124191242434, 0.42874646285627205], [0.0, 0.2886751345948129, 0.2886751345948129, 1.0000000000000002, 0.2886751345948129, 0.33333333333333337, 0.5773502691896258, 0.7715167498104595, 0.0, 0.2886751345948129, 0.2886751345948129, 1.0000000000000002, 0.5000000000000001, 0.1543033499620919, 0.7715167498104595, 0.5940885257860046], [0.33333333333333337, 0.14433756729740646, 0.14433756729740646, 0.5000000000000001, 0.14433756729740646, 0.5000000000000001, 0.43301270189221935, 0.4629100498862757, 0.33333333333333337, 0.14433756729740646, 0.14433756729740646, 0.5000000000000001, 1.0000000000000002, 0.0, 0.4629100498862757, 0.39605901719066977], [0.6172133998483676, 0.40089186286863654, 0.8017837257372731, 0.1543033499620919, 0.40089186286863654, 0.4629100498862757, 0.13363062095621217, 0.14285714285714285, 0.6172133998483676, 0.40089186286863654, 0.8017837257372731, 0.1543033499620919, 0.0, 0.9999999999999999, 0.14285714285714285, 0.3666793988112845], [0.1543033499620919, 0.40089186286863654, 0.26726124191242434, 0.7715167498104595, 0.40089186286863654, 0.1543033499620919, 0.40089186286863654, 0.9999999999999999, 0.1543033499620919, 0.40089186286863654, 0.26726124191242434, 0.7715167498104595, 0.4629100498862757, 0.14285714285714285, 0.9999999999999999, 0.6416889479197478], [0.39605901719066977, 0.34299717028501764, 0.42874646285627205, 0.5940885257860046, 0.34299717028501764, 0.39605901719066977, 0.5144957554275265, 0.6416889479197478, 0.39605901719066977, 0.34299717028501764, 0.42874646285627205, 0.5940885257860046, 0.39605901719066977, 0.3666793988112845, 0.6416889479197478, 1.0]], "labels": ["A", "A", "A", "A", "B", "B", "B", "B", "A", "A", "A", "A", "C", "C", "C", "C"]}, "4": {"n_blocks": 8, "spans": [[0, 4], [4, 8], [8, 12], [12, 16], [16, 20], [20, 24], [24, 28], [28, 32]], "similarity_matrix": [[1.0, 0.42857142857142855, 0.2857142857142857, 0.3450327796711771, 1.0, 0.42857142857142855, 0.37062465833055064, 0.2727723627949905], [0.42857142857142855, 1.0, 0.2857142857142857, 0.48304589153964794, 0.42857142857142855, 1.0, 0.14824986333222026, 0.4364357804719848], [0.2857142857142857, 0.2857142857142857, 1.0, 0.20701966780270628, 0.2857142857142857, 0.2857142857142857, 0.2964997266644405, 0.3818813079129867], [0.3450327796711771, 0.48304589153964794, 0.20701966780270628, 0.9999999999999999, 0.3450327796711771, 0.48304589153964794, 0.2864459496157732, 0.5270462766947299], [1.0, 0.42857142857142855, 0.2857142857142857, 0.3450327796711771, 1.0, 0.42857142857142855, 0.37062465833055064, 0.2727723627949905], [0.42857142857142855, 1.0, 0.2857142857142857, 0.48304589153964794, 0.42857142857142855, 1.0, 0.14824986333222026, 0.4364357804719848], [0.37062465833055064, 0.14824986333222026, 0.2964997266644405, 0.2864459496157732, 0.37062465833055064, 0.14824986333222026, 1.0000000000000002, 0.39629696195060854], [0.2727723627949905, 0.4364357804719848, 0.3818813079129867, 0.5270462766947299, 0.2727723627949905, 0.4364357804719848, 0.39629696195060854, 1.0000000000000002]], "labels": ["A", "A", "B", "B", "A", "A", "C", "C"]}, "8": {"n_blocks": 4, "spans": [[0, 8], [8, 16], [16, 24], [24, 32]], "similarity_matrix": [[0.9999999999999999, 0.386024323488978, 0.9999999999999999, 0.40389034790078004], [0.386024323488978, 1.0000000000000002, 0.386024323488978, 0.4273937576108645], [0.9999999999999999, 0.386024323488978, 0.9999999999999999, 0.40389034790078004], [0.40389034790078004, 0.4273937576108645, 0.40389034790078004, 1.0000000000000002]], "labels": ["A", "B", "A", "C"]}, "16": {"n_blocks": 2, "spans": [[0, 16], [16, 32]], "similarity_matrix": [[1.0, 0.6900096813262019], [0.6900096813262019, 1.0000000000000002]], "labels": ["A", "A"]}}}