{"song": "aretha_chain_of_fools", "source": "real_audio_V4_chroma", "scheme": "V4_raw_chroma", "n_bars": 83, "tempo_bpm": 117.1875, "est_tonic_pc": 0, "bar_times_s": [0.0, 1.746, 3.794, 5.842, 7.89, 9.938, 11.986, 14.034, 16.082, 18.13, 20.178, 22.226, 24.274, 26.322, 28.37, 30.418, 32.466, 34.514, 36.562, 38.61, 40.658, 42.706, 44.754, 46.802, 48.85, 50.898, 52.946, 54.994, 57.042, 59.09, 61.138, 63.186, 65.234, 67.282, 69.33, 71.378, 73.426, 75.474, 77.522, 79.57, 81.618, 83.666, 85.714, 87.762, 89.81, 91.858, 93.906, 95.954, 98.002, 100.05, 102.098, 104.146, 106.194, 108.242, 110.29, 112.338, 114.386, 116.434, 118.482, 120.53, 122.578, 124.626, 126.674, 128.722, 130.77, 132.818, 134.866, 136.914, 138.962, 141.01, 143.058, 145.106, 147.154, 149.202, 151.25, 153.298, 155.346, 157.394, 159.442, 161.49, 163.538, 165.586, 167.634, 169.17], "similarity_matrix": [[1.0, 0.6802719217320458, 0.8325524155551467, 0.8233098101786392, 0.8763454740997961, 0.8529316129844859, 0.6871391919866874, 0.8675077691918692, 0.868862193895322, 0.8919086580762157, 0.6519012560367973, 0.8660362031482265, 0.6877672466961742, 0.8320891901754881, 0.8617684923915454, 0.8496859832684904, 0.7207510733999878, 0.8290545887112338, 0.7410694267067226, 0.8694230101414029, 0.8287749827397987, 0.7070484176770744, 0.8368785283923627, 0.8691234233054288, 0.7939107897900103, 0.757174939995878, 0.739586928564063, 0.8695730907966126, 0.8027335938298454, 0.8410879379979711, 0.6701109294245609, 0.728226425121372, 0.7561380552474929, 0.796077517322518, 0.7294493273506673, 0.8167201899242589, 0.6863106699280674, 0.8612989391878533, 0.6849045832255827, 0.6910979177282246, 0.6131416578785013, 0.7193459881671092, 0.6840696979416375, 0.8267826580805306, 0.4957352513820272, 0.6253549959526462, 0.40870589235969046, 0.7648693255610802, 0.7468912888368511, 0.8735449606436901, 0.8649723266197111, 0.8391203400323181, 0.7958018614725971, 0.8602634697127733, 0.8133071987658068, 0.8653064565378752, 0.7112278163156898, 0.7500236243970372, 0.6950760899736133, 0.8678411702165562, 0.7353677228758551, 0.7876095875785527, 0.5333292911379387, 0.8249558668805178, 0.7448231218422341, 0.856909310550534, 0.8560776617467614, 0.8441859941032955, 0.7280994809841878, 0.8723926904019059, 0.8040321164606611, 0.8589087471941622, 0.8008283421276574, 0.8179433474045675, 0.7580102444700952, 0.8423376454621285, 0.852987314186924, 0.8414689133643124, 0.8595898687960711, 0.7689042046063771, 0.6380708483019978, 0.6380708483019978, 0.6380708483019978], [0.6802719217320458, 1.0000000000000002, 0.8570387099140399, 0.935118010186943, 0.8108271189668145, 0.8377633905170119, 0.9454149725734392, 0.7370318997931938, 0.757521130385674, 0.6262112310558594, 0.9626128345065741, 0.7880304881275091, 0.9148400046956715, 0.8422854155332118, 0.8288882690472944, 0.8478180525218412, 0.98813003898936, 0.5581689377737771, 0.9810604957421519, 0.8426115682652502, 0.9280520151558412, 0.9803178821936006, 0.9282384246922216, 0.8596706968081316, 0.9142225631215997, 0.9541814990995287, 0.9204434813439722, 0.7038995299143209, 0.8599672113306288, 0.5661451014060304, 0.9462420769155413, 0.9910527058380576, 0.9123193421033136, 0.8659595362829496, 0.931036845379986, 0.9221452453186503, 0.9511752427826696, 0.6723563210321933, 0.9472832599845292, 0.9500101727037614, 0.7816058704572989, 0.9433223926816915, 0.7544005124437906, 0.858276152885604, 0.3811009024879374, 0.5953038997057035, 0.35997741645672426, 0.5894765212289891, 0.6129307438801458, 0.7770011600776238, 0.7814335825772344, 0.7639197930715893, 0.8987459737686851, 0.6268036850707555, 0.587101586323986, 0.7802929459017413, 0.8629615532559531, 0.9707671372704375, 0.9957851725481385, 0.7084097465667526, 0.9667936416277142, 0.9660410549330956, 0.6387207689935613, 0.8906133426708206, 0.3483617927650944, 0.8934065260208074, 0.8319789492219516, 0.7946785649016033, 0.2944220448775314, 0.7304376500370534, 0.9275073610131638, 0.8306866256789247, 0.8376038458773282, 0.7279084135106804, 0.3652885490935197, 0.8680229756234294, 0.7703940200348247, 0.8097875473679181, 0.658566877273296, 0.9392669865818863, 0.14840530259229429, 0.14840530259229429, 0.14840530259229429], [0.8325524155551467, 0.8570387099140399, 1.0000000000000002, 0.9239416345620789, 0.9313217002058947, 0.9368924330577398, 0.8353274492517122, 0.9226221279991375, 0.9289011530983144, 0.8412624103911219, 0.8853413782051461, 0.9738481095517135, 0.8189644022895034, 0.9863576701964637, 0.9415551745712096, 0.992271404527754, 0.8475154750647901, 0.8530517647042243, 0.8730418926559517, 0.9601133039101436, 0.9318222616577874, 0.8932338649849464, 0.9385443975194416, 0.9469142774089229, 0.9102539254214507, 0.9513466527623271, 0.8492626474216703, 0.899076295595222, 0.9867629028628931, 0.8492574045108734, 0.8809124400911039, 0.8706772678979566, 0.9596087996255358, 0.9791835871357762, 0.8498244800481642, 0.970908081016396, 0.8449860001859423, 0.9008862270910178, 0.8385607966887004, 0.8422136292874148, 0.7451184807289849, 0.8496208797356577, 0.7577394693748294, 0.9040189946557796, 0.4013387809324133, 0.6687869325161271, 0.3729528053162522, 0.7758706472583295, 0.737705211722111, 0.9351234567464671, 0.933347925437378, 0.9726068864669815, 0.919705458680021, 0.8797291260258503, 0.8240588839702081, 0.932232152262435, 0.865849952281991, 0.89606805319085, 0.8499292382141581, 0.9136628129574265, 0.8741342635186489, 0.9554770582676152, 0.6333441169111014, 0.9302303554284087, 0.7208612129980801, 0.9753819570168161, 0.9807817566366436, 0.9121894292933762, 0.660526389211889, 0.9081395644848923, 0.9019680748280681, 0.9393923891642196, 0.9878843237545533, 0.8479066997611806, 0.7293112775469848, 0.939502484916005, 0.9754107638845497, 0.9026464786151385, 0.8906395279995855, 0.8937090659108097, 0.20357762519818534, 0.20357762519818534, 0.20357762519818534], [0.8233098101786392, 0.935118010186943, 0.9239416345620789, 1.0000000000000002, 0.9450327819794675, 0.9695780208348433, 0.9478351630312267, 0.911886620501696, 0.9275278019554091, 0.819913493133995, 0.87448583599668, 0.9170989340951371, 0.8895752325935304, 0.9281299254399058, 0.9636902031709519, 0.9365355081404597, 0.9576046413441744, 0.7462587497307102, 0.9763997893915037, 0.9628191748745386, 0.9725722086859927, 0.9517689448309927, 0.9959426186005597, 0.9594584506961223, 0.9842974924046247, 0.9514917948945794, 0.9559062679339734, 0.8619698410744651, 0.924650429902229, 0.784930289453606, 0.9175505566464218, 0.9661394075282024, 0.9219660420599558, 0.9071607532747072, 0.9546708461952232, 0.9678632992293561, 0.9464367530441333, 0.8676766414340986, 0.9479836741315927, 0.9510928734086103, 0.8017551447206981, 0.9646985947726274, 0.8324028599397308, 0.9465683940060798, 0.4609674857650703, 0.6737695044311167, 0.42344537794156845, 0.7576047161033316, 0.7476788418473888, 0.9364929285638599, 0.9408476716488793, 0.876453473107813, 0.9663793619015741, 0.8357205784749614, 0.7478805097828425, 0.9394498089182577, 0.9065351070080906, 0.9757991312746898, 0.9523228467030261, 0.8931125148647319, 0.976277074125871, 0.9770911794890069, 0.6685031355758211, 0.9848702198924972, 0.597356711147053, 0.9622798651149133, 0.946290640230501, 0.9447013480272247, 0.5571876985106393, 0.8828914566357082, 0.9570500917816652, 0.9641496172650996, 0.9065252896045682, 0.8661201147566243, 0.619156402498195, 0.9622718863009382, 0.9033820266064821, 0.9316068957779868, 0.8564912066808708, 0.9790587464015579, 0.18624335677206788, 0.18624335677206788, 0.18624335677206788], [0.8763454740997961, 0.8108271189668145, 0.9313217002058947, 0.9450327819794675, 1.0, 0.9595988543306689, 0.8199384943196276, 0.9575574836845411, 0.9633119143634178, 0.908167851387173, 0.770321942970261, 0.9530701353795688, 0.7829477409168349, 0.9266485958252081, 0.9640177498197348, 0.9456835634854515, 0.8364657879119763, 0.8724788498575006, 0.8697232941387955, 0.9681744328626847, 0.942015320925366, 0.8353582793698808, 0.9547567872165535, 0.9616238089616259, 0.9156485009094915, 0.8752535373015041, 0.8862136265185263, 0.9317812764580282, 0.9081101520295823, 0.8969495897510188, 0.7982263664704834, 0.8570221301263958, 0.8632532900217732, 0.8881129466164416, 0.8464632175606743, 0.923032239329315, 0.8196650336356592, 0.939272971243222, 0.81663076092345, 0.8250671784755104, 0.7315127312666141, 0.8469961605099326, 0.7985213822211343, 0.9206994927722453, 0.49778761020014334, 0.7442746026884586, 0.5528441164854057, 0.8927261915749369, 0.7705908929386964, 0.9709144761695603, 0.9621171850510227, 0.9223692693012006, 0.9102515040390772, 0.928770711861181, 0.8665175852478566, 0.9618365019868453, 0.846888723873592, 0.8695674226127331, 0.8277485897628933, 0.9502435543304375, 0.8646404643828343, 0.9103833539391037, 0.6648277409271797, 0.9406703846427507, 0.7705655985028792, 0.9545018207447109, 0.9550116902950156, 0.938986314632373, 0.7688510391993209, 0.9467861888616642, 0.9179353454890803, 0.9615523714420965, 0.9017422144313288, 0.8775946683195589, 0.7862771303766871, 0.937374182335241, 0.9454039811966081, 0.9241383105386366, 0.9330819759023767, 0.887915993958283, 0.2488078950409929, 0.2488078950409929, 0.2488078950409929], [0.8529316129844859, 0.8377633905170119, 0.9368924330577398, 0.9695780208348433, 0.9595988543306689, 1.0, 0.8879064478882024, 0.9776307754421377, 0.9853043233963736, 0.8802878780930529, 0.786555610272283, 0.967177759726854, 0.8332048965390876, 0.9558925674171375, 0.9981433615465204, 0.9615265802420496, 0.8718578035075848, 0.8420608840469854, 0.9087899324760461, 0.9910399364645192, 0.9403516803076063, 0.884118466893969, 0.9763752732358855, 0.9706719315611169, 0.9724787417150094, 0.9093520160395357, 0.9040284469218652, 0.9217269745552377, 0.9417012358013378, 0.8816415145916725, 0.8604149150362735, 0.8865228589365602, 0.9029050236953868, 0.9097601813526621, 0.9149026420537405, 0.9554281927250199, 0.8860149821240597, 0.9515767855157705, 0.88642644321678, 0.8894831930769236, 0.7442620714473177, 0.911088295820687, 0.7785989334485051, 0.9469259105091493, 0.39589008185192043, 0.6444556971301045, 0.36291429920448626, 0.7822792731362255, 0.7775614395122287, 0.9857899860318863, 0.9912388596306239, 0.9210653323667002, 0.9518561887196363, 0.930049136403425, 0.814507809666868, 0.9907126341540868, 0.8785382893839968, 0.9213652621924387, 0.8603309670665964, 0.9662210186716393, 0.9183937071781245, 0.9360751475084973, 0.6158210867597095, 0.9889225535702585, 0.7402929020964665, 0.9600832805440345, 0.9768666618655766, 0.9719935953604535, 0.6858318741048799, 0.938099267514563, 0.9099326266944262, 0.9971323871328298, 0.9301060937890024, 0.9076800368430646, 0.7625714800765633, 0.9748214712669188, 0.9591934800483392, 0.9648671129293249, 0.9395000485544672, 0.9460460158367349, 0.16060350218455413, 0.16060350218455413, 0.16060350218455413], [0.6871391919866874, 0.9454149725734392, 0.8353274492517122, 0.9478351630312267, 0.8199384943196276, 0.8879064478882024, 1.0, 0.783275873832225, 0.8044005289208749, 0.6635818260122031, 0.8858632929521698, 0.7975710908243471, 0.9208062586857519, 0.8541742409716386, 0.8748219470688766, 0.8397972593568502, 0.9723879499000384, 0.5298312703434636, 0.9746495521293748, 0.8614889735049516, 0.875095687014879, 0.9779127995851111, 0.9356373524134871, 0.8471326085675174, 0.9689795174973646, 0.9393772388707662, 0.9741076030058607, 0.6903838697698367, 0.8687304807960721, 0.5901610577228099, 0.9706016858458527, 0.9642478962241637, 0.9081634072948739, 0.8498103596051597, 0.9856326123265954, 0.9210068671260494, 0.9984124705325618, 0.7127571477671376, 0.9971499769439122, 0.9997084052761482, 0.838140798579274, 0.9970626508907898, 0.7874972945189443, 0.9046146408953246, 0.4052524871700245, 0.6335099750070472, 0.3894438902530935, 0.6343341078450336, 0.6566350163653609, 0.8190811154801627, 0.828554936698832, 0.7383177225200622, 0.9355818048124631, 0.6659360714584033, 0.5126535152978037, 0.828634942657005, 0.9187891345825259, 0.9880165824573214, 0.9646763809120323, 0.7481722900696909, 0.9918903581759986, 0.9439495287170409, 0.6929000320201738, 0.9420197390191457, 0.35738816704248955, 0.8572109640815255, 0.8394059325635842, 0.8348372453922398, 0.30903223997956086, 0.7127097083682156, 0.8534137956582064, 0.8793895077476305, 0.8404669568381644, 0.7729572641043009, 0.3855891439175969, 0.8994950298668176, 0.7876833600540704, 0.8573868639810794, 0.6959426475912817, 0.985257482982857, 0.09058987090522809, 0.09058987090522809, 0.09058987090522809], [0.8675077691918692, 0.7370318997931938, 0.9226221279991375, 0.911886620501696, 0.9575574836845411, 0.9776307754421377, 0.783275873832225, 1.0, 0.9982796215562285, 0.9163916308734662, 0.6923564398137662, 0.9794312358661997, 0.7246760013771182, 0.9394120385371669, 0.9854357830200994, 0.9535350017135159, 0.7711722817324628, 0.9224347731843419, 0.8220684378941586, 0.9836130118050606, 0.9045134301250474, 0.7871902973026338, 0.931047295459242, 0.9586099987589517, 0.9106477571014574, 0.8370239948599217, 0.8172329729267857, 0.9596223255898444, 0.9144042281878008, 0.9478255838406446, 0.7591592306994632, 0.7952062248348845, 0.8395471896652659, 0.8755494664868452, 0.8182618254087337, 0.9073174758568759, 0.7815748293196751, 0.9942265906440215, 0.7798773803316544, 0.7846964135899258, 0.6580230979135607, 0.8126769480292345, 0.7000445091374089, 0.8917584623132969, 0.33022730922394017, 0.6067857789341841, 0.3309269862553038, 0.7973835935640645, 0.7597016492086496, 0.9950881874157262, 0.9959831784430963, 0.9356966692774485, 0.8964043680929045, 0.9828686978926526, 0.8883451814060276, 0.9967251935992538, 0.804222047439508, 0.8329953826721208, 0.7579994105079487, 0.9981346539073368, 0.8261962371715202, 0.8727065942494983, 0.54199522391335, 0.9460630976010022, 0.8591730394611612, 0.9414148856239658, 0.968321839175189, 0.9505023000620376, 0.8044626565038105, 0.9706978871836376, 0.8716178608122892, 0.984476090986747, 0.9103841363054076, 0.8995753038252164, 0.8746844365334314, 0.9419367566314384, 0.9732639119482822, 0.9402572140565476, 0.9853348768875803, 0.8683652666631761, 0.17376499705803006, 0.17376499705803006, 0.17376499705803006], [0.868862193895322, 0.757521130385674, 0.9289011530983144, 0.9275278019554091, 0.9633119143634178, 0.9853043233963736, 0.8044005289208749, 0.9982796215562285, 1.0, 0.9130490835110306, 0.7136953371669157, 0.9804815265179453, 0.7471878715824859, 0.9465642512385684, 0.9900808218261935, 0.9584926942700898, 0.7911688225109003, 0.9106529224297835, 0.8394151113255497, 0.9876453739852604, 0.9134799478831056, 0.8076280802677179, 0.9420045639719753, 0.9644782386419656, 0.9235531500967568, 0.8546769407887385, 0.8371370640986213, 0.9560106851811223, 0.9233567160893034, 0.9398868872684258, 0.7808594855654475, 0.8139081314896571, 0.8547728513536944, 0.8878324675500469, 0.83659660165719, 0.9206090429987891, 0.8028792444492022, 0.9889415468002857, 0.8025713510607029, 0.8064217603354996, 0.67649696665857, 0.8344689170129885, 0.7295036112693416, 0.9033962707882516, 0.36677668200156627, 0.6163663885718991, 0.3466581222952883, 0.8006059587413161, 0.7744894115200133, 0.9962179345270183, 0.9988947459314338, 0.938087415091783, 0.909064864722404, 0.9764578912372582, 0.8772203851971905, 0.9986616590417826, 0.8178935372713994, 0.8519002441227606, 0.779220676535922, 0.9952296612755417, 0.8459496852839626, 0.8873052743449321, 0.5562840198385721, 0.9562603061536417, 0.839488855336978, 0.9484616409873734, 0.976133765961113, 0.9659110441217632, 0.7871202732589037, 0.9665709969992079, 0.8819443742918119, 0.9893013500728474, 0.9183654745347015, 0.9076790362498889, 0.8560202354034309, 0.9518629854200026, 0.9745643850178516, 0.948141061280314, 0.9787482842022224, 0.8850165247156732, 0.17602371886787568, 0.17602371886787568, 0.17602371886787568], [0.8919086580762157, 0.6262112310558594, 0.8412624103911219, 0.819913493133995, 0.908167851387173, 0.8802878780930529, 0.6635818260122031, 0.9163916308734662, 0.9130490835110306, 0.9999999999999999, 0.5985788458848057, 0.8975980829950941, 0.6371480642519194, 0.8475343751012471, 0.8937705148777527, 0.8679629986290791, 0.6675431832982185, 0.8880034759398078, 0.7052077923131128, 0.8963059024828458, 0.8179870026196696, 0.6809976176585714, 0.8346371849158936, 0.8713466216912605, 0.7997158428899666, 0.7445488474468538, 0.7313204441716122, 0.9031335083833464, 0.8166495802909897, 0.959789988658735, 0.6440605090496397, 0.6899642464038502, 0.7465870343585639, 0.7903444192022909, 0.7022244115716713, 0.8094719566171933, 0.6617274118764539, 0.919181537718131, 0.6759931216014154, 0.6663044623778217, 0.588436994483877, 0.6975722202144912, 0.7105924996020302, 0.8289306214549045, 0.42747668392959687, 0.6749303514912521, 0.45875108169880546, 0.8466045253141953, 0.7276147803143548, 0.9325667306509634, 0.9044565658748753, 0.904096593022268, 0.8628692413205994, 0.9202344833338271, 0.8616911818156597, 0.9066427364718977, 0.7178060926835963, 0.7177130252983696, 0.6461883971884802, 0.918617169352423, 0.7072543028595973, 0.7697036262446418, 0.5632552093046989, 0.8379865568237315, 0.8335309841577849, 0.8580493571817006, 0.8801624404436932, 0.8819702927613178, 0.8767414026225379, 0.9008265522693886, 0.7782729596718183, 0.8873838891646287, 0.8222573247851701, 0.8197465463839486, 0.8494290986990526, 0.845714929339045, 0.892814196591897, 0.8468592678203907, 0.95293370182621, 0.7537388444157411, 0.36161660284729874, 0.36161660284729874, 0.36161660284729874], [0.6519012560367973, 0.9626128345065741, 0.8853413782051461, 0.87448583599668, 0.770321942970261, 0.786555610272283, 0.8858632929521698, 0.6923564398137662, 0.7136953371669157, 0.5985788458848057, 1.0000000000000002, 0.7889502252156154, 0.901367822652014, 0.866139130136702, 0.7784600171671657, 0.8600586718200691, 0.9245852026446127, 0.5589389676117051, 0.9125935563920846, 0.8056849732514841, 0.874122834119113, 0.9603473245849902, 0.87158203910626, 0.8201303607975289, 0.8548760244644138, 0.9670736577286413, 0.8665001059148411, 0.6761235171235138, 0.8920095163548416, 0.5476726746555147, 0.9499964376180835, 0.9342417315198033, 0.9485122204735547, 0.9172985487607158, 0.8691572531312322, 0.9218524601730708, 0.9026993463686829, 0.633335683000857, 0.8957685916803076, 0.8936986664538322, 0.7369357892380297, 0.879880961518712, 0.7177114625805256, 0.8142885024537946, 0.38739395915688485, 0.5802805144483532, 0.3619888969521632, 0.5703771356783001, 0.6045000835962375, 0.7342539343604904, 0.7339709484584256, 0.7989126309154522, 0.8656943831948698, 0.5949307455046019, 0.5625601688741146, 0.7316496575006552, 0.8215753033459042, 0.9259682305199558, 0.9403568960431401, 0.665651472361807, 0.9062690885978518, 0.9498049623694657, 0.6116092179177389, 0.8351012082874167, 0.34022273025977656, 0.8767170620374943, 0.8292081308357601, 0.7567850136238984, 0.290317591626417, 0.6892518527622522, 0.8640496223500985, 0.7797378297558608, 0.8815784598014287, 0.700300831978158, 0.3496303620974735, 0.8391787614085567, 0.7837964100598239, 0.7719104438693949, 0.6208429671213236, 0.8850034213071977, 0.16326723557815317, 0.16326723557815317, 0.16326723557815317], [0.8660362031482265, 0.7880304881275091, 0.9738481095517135, 0.9170989340951371, 0.9530701353795688, 0.967177759726854, 0.7975710908243471, 0.9794312358661997, 0.9804815265179453, 0.8975980829950941, 0.7889502252156154, 1.0000000000000002, 0.7822519473459767, 0.9836254617537965, 0.9746691848700771, 0.9910604368279278, 0.7992626902256131, 0.9247429639531706, 0.8399655443102355, 0.9868371634658021, 0.9228395539792399, 0.8357245677224363, 0.93760840463108, 0.9720214684077426, 0.9106528181762779, 0.8985135559362352, 0.8252890843472499, 0.9622993383108728, 0.9650014821366472, 0.9268233238435436, 0.8153790525524707, 0.8271157501189411, 0.9068977747714565, 0.9485978873104757, 0.8267018975894281, 0.9527740985032604, 0.8037452412070605, 0.9699216400510781, 0.7994607879811706, 0.8016825914311724, 0.6711261434856705, 0.8214437297257445, 0.7076686115106952, 0.8964004803771797, 0.343016498170438, 0.6143746221941493, 0.33244269477929006, 0.7830956504242758, 0.7827953731788615, 0.9809622760383503, 0.9792360031912383, 0.9780614284226554, 0.9135207782099757, 0.9600351085398742, 0.8859861283798768, 0.9791703214650556, 0.8177051910931185, 0.8595215568318345, 0.7931551038027528, 0.9757562909671964, 0.8423431269936484, 0.9161418522711566, 0.5540686152891245, 0.9428664100526327, 0.8264689585867303, 0.9735950829651374, 0.9905488724740906, 0.9462676809200905, 0.7671544223612377, 0.9651303242974889, 0.8891534646669292, 0.9738453887252012, 0.9660992536139862, 0.9107027952016876, 0.8370130972843892, 0.9607879667503145, 0.9956326380350495, 0.9470236124494573, 0.961083950058751, 0.8811613748228795, 0.19585071284166145, 0.19585071284166145, 0.19585071284166145], [0.6877672466961742, 0.9148400046956715, 0.8189644022895034, 0.8895752325935304, 0.7829477409168349, 0.8332048965390876, 0.9208062586857519, 0.7246760013771182, 0.7471878715824859, 0.6371480642519194, 0.901367822652014, 0.7822519473459767, 0.9999999999999998, 0.8460579173844806, 0.8176862796930361, 0.8218341479881383, 0.9321374375733595, 0.5545322801299691, 0.9167207985332227, 0.8209903779028668, 0.8529149727792648, 0.9371033347821437, 0.8813714738306344, 0.8498334802737135, 0.8988277961606591, 0.9193115101541754, 0.90456003745236, 0.7214313293694558, 0.8400704730826544, 0.5647188428197117, 0.9218329855941944, 0.9307338901593126, 0.8950795833428064, 0.875733779114516, 0.9297434783784135, 0.9158693449705025, 0.9254318400520902, 0.6609600420936579, 0.9235578021637569, 0.9235112596508694, 0.7681003973054747, 0.9185488960328007, 0.7508821262055578, 0.8831385318157293, 0.4286481814331348, 0.6275954839044013, 0.39095936949356025, 0.610524284285931, 0.7829115849051886, 0.7639347843695478, 0.7656738177262271, 0.7440236941260513, 0.8916510527520775, 0.6434034910960702, 0.5390290330487746, 0.7648754610396625, 0.8625273893798965, 0.9302985617423233, 0.9207572906807976, 0.6926762369522906, 0.9241732272374412, 0.9103775410010457, 0.6645792238111757, 0.8722677729291572, 0.34144575109298503, 0.8499455743875081, 0.8067405516790954, 0.8051580961425017, 0.30683343563419746, 0.7204501877065206, 0.8286338953860108, 0.8182313087552783, 0.8203502794917895, 0.8404015048991842, 0.36852384247618347, 0.9036453870299893, 0.7564276098395993, 0.88833856064885, 0.6492982905040907, 0.9306739026339345, 0.18653547561198555, 0.18653547561198555, 0.18653547561198555], [0.8320891901754881, 0.8422854155332118, 0.9863576701964637, 0.9281299254399058, 0.9266485958252081, 0.9558925674171375, 0.8541742409716386, 0.9394120385371669, 0.9465642512385684, 0.8475343751012471, 0.866139130136702, 0.9836254617537965, 0.8460579173844806, 0.9999999999999999, 0.9581394743138091, 0.9942245902325921, 0.8442961395559421, 0.8505079125316853, 0.8739475128091035, 0.9710563922642651, 0.9150342070172858, 0.8979453778305538, 0.9428437072886403, 0.9546879252933175, 0.9317390796054111, 0.9518832214661347, 0.8684345702755606, 0.9099377835707358, 0.99365095665201, 0.8570693969271422, 0.893714796657217, 0.867106776437482, 0.961753565537107, 0.9865891186821631, 0.8704867892430823, 0.982206000963949, 0.864760074890956, 0.9154673860793074, 0.8593717664118392, 0.8586469590681043, 0.7100209451475009, 0.8694564061638821, 0.7267828735105064, 0.9053030278941588, 0.36120094103242256, 0.6169960051154674, 0.34368176577321363, 0.7474364395872051, 0.7741631448281665, 0.950690470851554, 0.9506239103179692, 0.9664639103453769, 0.9369658822819852, 0.8987770756054277, 0.8007665055456282, 0.9499577083670592, 0.8491705972234048, 0.9058249270597059, 0.8418869759240855, 0.9277734098387989, 0.885288443964968, 0.9505781823179748, 0.5830815621283963, 0.9508096077737996, 0.7227496122673425, 0.9699869651263341, 0.9856625576251344, 0.9323851959932878, 0.6617641859988119, 0.9101266611262954, 0.8784063585379749, 0.9591346503664875, 0.9927237108521356, 0.8977530530010333, 0.7344592237044497, 0.9682333460653251, 0.9837085476378942, 0.9417434946785204, 0.903687342907837, 0.917312419644771, 0.1758067774758798, 0.1758067774758798, 0.1758067774758798], [0.8617684923915454, 0.8288882690472944, 0.9415551745712096, 0.9636902031709519, 0.9640177498197348, 0.9981433615465204, 0.8748219470688766, 0.9854357830200994, 0.9900808218261935, 0.8937705148777527, 0.7784600171671657, 0.9746691848700771, 0.8176862796930361, 0.9581394743138091, 0.9999999999999999, 0.9662301832617192, 0.8623473378622152, 0.8615465266453095, 0.9010263242948567, 0.9953366773899005, 0.9419284695952795, 0.8742041508623173, 0.9747308485272596, 0.9745784897290668, 0.9663584211917343, 0.9031068145226364, 0.8932209754358169, 0.9340636500045455, 0.9419434983454291, 0.8969325320508629, 0.84815797772842, 0.8788032286148559, 0.8970092510926172, 0.9088946352136692, 0.9016474024105077, 0.9527034525876587, 0.8729175384426218, 0.9624023774753754, 0.8722833501579761, 0.8761443457628382, 0.7371695894365125, 0.8974187929230896, 0.7622564608142833, 0.9412168608051442, 0.3729641862081354, 0.6467997050372413, 0.3597987096044579, 0.7905559817652823, 0.7731923829990205, 0.992106830653128, 0.9948124156715317, 0.928613145002493, 0.9493085220886519, 0.9419354175067116, 0.833901295486883, 0.9952201583595863, 0.8732773595650467, 0.9118025559233893, 0.8498909820061801, 0.9750725961865184, 0.9074979413399218, 0.932272068987093, 0.6121430608104522, 0.9860440121587948, 0.7633979153060025, 0.9639367855139639, 0.9779259286842268, 0.9649827937703146, 0.7092682419519113, 0.9492239878261853, 0.9108595215947406, 0.9992866542604353, 0.9316136434897587, 0.9080711544583875, 0.7837881649698946, 0.9737687960365915, 0.9659936577606764, 0.963153625259484, 0.9526335827226364, 0.9377292484472309, 0.16869204620673156, 0.16869204620673156, 0.16869204620673156], [0.8496859832684904, 0.8478180525218412, 0.992271404527754, 0.9365355081404597, 0.9456835634854515, 0.9615265802420496, 0.8397972593568502, 0.9535350017135159, 0.9584926942700898, 0.8679629986290791, 0.8600586718200691, 0.9910604368279278, 0.8218341479881383, 0.9942245902325921, 0.9662301832617192, 1.0000000000000002, 0.8466428931542336, 0.8797260862041021, 0.8792590462454134, 0.9817521127151745, 0.9405463062326548, 0.8887498420881546, 0.9533451319649542, 0.9675524797777769, 0.9279588729052027, 0.9443308358125923, 0.8588867660548035, 0.9293021938290269, 0.9875287541692742, 0.8823843240148693, 0.8723911329060774, 0.8719073673680633, 0.9503744564479762, 0.975029618524503, 0.8602215019957318, 0.9766390977092203, 0.8492930440519554, 0.9341402642158163, 0.8442981207825327, 0.8449195670550235, 0.7019471718000593, 0.858245819400817, 0.72932241536334, 0.9064856408550145, 0.3578854510116679, 0.6232744193122878, 0.34604884824590604, 0.7631594867552417, 0.7525284077173676, 0.9634036735215589, 0.961715165774568, 0.9790327252274542, 0.9338691793702892, 0.9158488998529283, 0.8472668712065562, 0.9611299041902243, 0.8426815705123393, 0.9002051813777153, 0.8464042444375391, 0.9453673170118486, 0.8809337521647533, 0.9540516307003308, 0.5790313938694593, 0.9509191866974543, 0.7574463122000867, 0.9849628019488454, 0.9930217910912358, 0.9363905607446891, 0.6977748940198187, 0.9366641973727831, 0.9098407263625002, 0.9654791522801159, 0.9870576336509356, 0.8836209252115123, 0.7676694127044419, 0.9614046159541552, 0.9896428889035449, 0.933168322800382, 0.9247108463690863, 0.9075377375805767, 0.19276147142960187, 0.19276147142960187, 0.19276147142960187], [0.7207510733999878, 0.98813003898936, 0.8475154750647901, 0.9576046413441744, 0.8364657879119763, 0.8718578035075848, 0.9723879499000384, 0.7711722817324628, 0.7911688225109003, 0.6675431832982185, 0.9245852026446127, 0.7992626902256131, 0.9321374375733595, 0.8442961395559421, 0.8623473378622152, 0.8466428931542336, 1.0, 0.5686964481490788, 0.9945892938290136, 0.8650067564292556, 0.9318206403604409, 0.9795801811339144, 0.9484202381508995, 0.8787182962799912, 0.9463177495163436, 0.9439055971480341, 0.9502093334205546, 0.7273468135214349, 0.8531485769448668, 0.5944715704404147, 0.944158440762278, 0.9971648451805513, 0.898684958813853, 0.8527436489099903, 0.9622965699525334, 0.9260628731632691, 0.9717836387108005, 0.705063619894809, 0.969960463825498, 0.9749017904165879, 0.821205127221607, 0.9724692682780152, 0.7896398594496946, 0.8960360219249921, 0.41633424865453417, 0.6384940241136512, 0.39024283488096423, 0.6339413941638027, 0.66589043809741, 0.8094415298826183, 0.8146081781685813, 0.7549315926603087, 0.9221913418187194, 0.6623360730146279, 0.5901207305588017, 0.8143100550616754, 0.8987047121577838, 0.9846720856376247, 0.9968153111782592, 0.740952803978384, 0.9866658538954723, 0.9622909694549516, 0.6825086730575602, 0.9224485127908566, 0.3702361262832151, 0.8938858231172465, 0.8392835144355271, 0.8261878526925375, 0.3229203409068072, 0.7521698329072102, 0.9260618513298934, 0.8644483752254262, 0.8267004788876439, 0.7727356218145331, 0.39312439446676123, 0.8963440580674966, 0.7773198902972805, 0.8510989338513163, 0.691981615906239, 0.9678169865099484, 0.17751252205523893, 0.17751252205523893, 0.17751252205523893], [0.8290545887112338, 0.5581689377737771, 0.8530517647042243, 0.7462587497307102, 0.8724788498575006, 0.8420608840469854, 0.5298312703434636, 0.9224347731843419, 0.9106529224297835, 0.8880034759398078, 0.5589389676117051, 0.9247429639531706, 0.5545322801299691, 0.8505079125316853, 0.8615465266453095, 0.8797260862041021, 0.5686964481490788, 1.0000000000000002, 0.623210046311369, 0.8853098563254428, 0.8095564481329388, 0.5859472774801544, 0.780105825601405, 0.8860936345383283, 0.7113231585872282, 0.6848410342736997, 0.5843968718838461, 0.9690072915469014, 0.806080754458599, 0.966775113643185, 0.5398991845107726, 0.6115185255798398, 0.6987105320518371, 0.7952449562296986, 0.5819053638484768, 0.7825510008142024, 0.533000073455436, 0.9517276169905838, 0.5309526069926818, 0.5354332098701281, 0.46517235084406994, 0.568935909181798, 0.5562265520268913, 0.7357837023464883, 0.2627645105587899, 0.5125538869726054, 0.24687407329896807, 0.7457767974900992, 0.7369266263724153, 0.9035485047651965, 0.8947940319020179, 0.9199966611401624, 0.7323220559510266, 0.9673339888300848, 0.9791882771304168, 0.8949845045057868, 0.614440265097798, 0.6241247975060792, 0.5603114065046326, 0.9397953102377905, 0.6050632953302791, 0.7245057543542003, 0.39035523879210293, 0.7733766235582974, 0.9616287523466558, 0.8690098465335196, 0.8858301674179617, 0.8479026812912539, 0.9127024054090427, 0.9626425341150834, 0.7838262472147923, 0.8566258348054882, 0.8205463660482856, 0.8388938874378071, 0.9616892985124574, 0.8228196630314583, 0.9129157491051291, 0.835376187365104, 0.9531110792656617, 0.6594551748096695, 0.24605196607007038, 0.24605196607007038, 0.24605196607007038], [0.7410694267067226, 0.9810604957421519, 0.8730418926559517, 0.9763997893915037, 0.8697232941387955, 0.9087899324760461, 0.9746495521293748, 0.8220684378941586, 0.8394151113255497, 0.7052077923131128, 0.9125935563920846, 0.8399655443102355, 0.9167207985332227, 0.8739475128091035, 0.9010263242948567, 0.8792590462454134, 0.9945892938290136, 0.623210046311369, 1.0, 0.9019628922153388, 0.9511712294378943, 0.9790662556619293, 0.9712729947586827, 0.907332151813419, 0.9681021743717763, 0.9507859049127712, 0.9579106812336883, 0.7692298245023068, 0.8809000574385514, 0.6513116323354174, 0.943923514756333, 0.9960400667948514, 0.9100166125222936, 0.8691958747212629, 0.9692222216231731, 0.9428711572140513, 0.9742751240712231, 0.7618598832978272, 0.9718114686939593, 0.9765744867150196, 0.8055114384908261, 0.9786259635084634, 0.7805693395716495, 0.9097178782419687, 0.38623476715779026, 0.6241818029567662, 0.3735658839479775, 0.6536463586923561, 0.6694082571584504, 0.8542088165233218, 0.8607523096975228, 0.7913811759106998, 0.9388863597781714, 0.7191000489316602, 0.6392232653048739, 0.8606136665552399, 0.8990281954942454, 0.9910198674727911, 0.9922610822960238, 0.7946613090975537, 0.9932550044620384, 0.9742553481512045, 0.6576976110296853, 0.9512206478203228, 0.4424251164645985, 0.9196195296590376, 0.8759273183093962, 0.8602653399370258, 0.387717501114576, 0.7964232659332565, 0.9432517546512174, 0.9034507047535849, 0.8555592195753207, 0.7973848809781159, 0.4647400573857333, 0.9198527554811585, 0.8209748212394475, 0.8771920801693268, 0.7468659019619381, 0.9800192898686363, 0.14498677715127942, 0.14498677715127942, 0.14498677715127942], [0.8694230101414029, 0.8426115682652502, 0.9601133039101436, 0.9628191748745386, 0.9681744328626847, 0.9910399364645192, 0.8614889735049516, 0.9836130118050606, 0.9876453739852604, 0.8963059024828458, 0.8056849732514841, 0.9868371634658021, 0.8209903779028668, 0.9710563922642651, 0.9953366773899005, 0.9817521127151745, 0.8650067564292556, 0.8853098563254428, 0.9019628922153388, 0.9999999999999999, 0.9575808264587556, 0.8792243429093347, 0.976680270268711, 0.9874983143614072, 0.9558706263864447, 0.9161356098530935, 0.8812494295063944, 0.9518653482766881, 0.9538576444673742, 0.9047301108241929, 0.8486143500989437, 0.8860420587352581, 0.9083931329769658, 0.9305104514692011, 0.8857985491119177, 0.964728920077783, 0.8626017271491597, 0.9632021674207133, 0.8610693991747591, 0.8641266224954702, 0.7206989441097144, 0.8842527126688813, 0.7511745455286066, 0.9294691182975279, 0.3627899829080751, 0.6356334643668732, 0.35130346114353234, 0.7846072895973126, 0.7795313721612649, 0.9910396508784729, 0.9914001304068574, 0.9503385442384554, 0.9479121526568867, 0.9450778830899079, 0.8627663650236616, 0.9916528712311551, 0.8592008159492852, 0.910113612461084, 0.8561613479765363, 0.9750953478386342, 0.9017368330645501, 0.9439076671687047, 0.5935297184272762, 0.9786629728721334, 0.7760168341261249, 0.98284697134362, 0.9873396395022797, 0.9630231640149386, 0.7204553472725871, 0.9630544234873804, 0.9300265823756912, 0.9949909241580474, 0.9465257946923978, 0.914460072802572, 0.7920368768526728, 0.9780372716657247, 0.9763710240385761, 0.9624938921911254, 0.9548957208083599, 0.9305948589309719, 0.18756224520539866, 0.18756224520539866, 0.18756224520539866], [0.8287749827397987, 0.9280520151558412, 0.9318222616577874, 0.9725722086859927, 0.942015320925366, 0.9403516803076063, 0.875095687014879, 0.9045134301250474, 0.9134799478831056, 0.8179870026196696, 0.874122834119113, 0.9228395539792399, 0.8529149727792648, 0.9150342070172858, 0.9419284695952795, 0.9405463062326548, 0.9318206403604409, 0.8095564481329388, 0.9511712294378943, 0.9575808264587556, 1.0000000000000002, 0.9123756328151379, 0.9797178098666915, 0.9735544279719572, 0.9342103527303686, 0.9267938543642323, 0.8848772454572975, 0.9012870453753428, 0.9053349652424715, 0.8067427964942897, 0.8556388351544949, 0.9503160641585645, 0.895007767277991, 0.898534857385776, 0.8923571097871249, 0.9505442841270001, 0.8759815852561171, 0.8730381281012326, 0.8745208120083136, 0.8804027946678631, 0.7427663925416759, 0.8938874141230787, 0.7753973862556172, 0.9121730252264877, 0.3939794573477202, 0.6434243194255758, 0.36950747864066547, 0.738618923964847, 0.7270672625310961, 0.9238442625761102, 0.9235482834215406, 0.8990429133919551, 0.92591501465356, 0.8470012780425195, 0.8395083603657016, 0.9227751685317152, 0.8574390710729755, 0.9313515814675448, 0.9319690508042004, 0.8936270662280301, 0.9268477190632022, 0.9656861317920312, 0.618350647554935, 0.9440924583001842, 0.6546095793195287, 0.9824777744879104, 0.9397399134879266, 0.9130614898964755, 0.6028288245993335, 0.9247542300850856, 0.9950173464758655, 0.9394025118665803, 0.892807347401537, 0.8487395624970323, 0.6687896537251543, 0.9391808809171871, 0.9009921021764836, 0.908852803071134, 0.8654986372019606, 0.9252377273571778, 0.21683087651926264, 0.21683087651926264, 0.21683087651926264], [0.7070484176770744, 0.9803178821936006, 0.8932338649849464, 0.9517689448309927, 0.8353582793698808, 0.884118466893969, 0.9779127995851111, 0.7871902973026338, 0.8076280802677179, 0.6809976176585714, 0.9603473245849902, 0.8357245677224363, 0.9371033347821437, 0.8979453778305538, 0.8742041508623173, 0.8887498420881546, 0.9795801811339144, 0.5859472774801544, 0.9790662556619293, 0.8792243429093347, 0.9123756328151379, 1.0000000000000002, 0.9453869944137697, 0.875482952671628, 0.9553813546364232, 0.9840042150326981, 0.9557838249462342, 0.7271833142127373, 0.9159312006013645, 0.61892588262471, 0.988675565675915, 0.9814330426531437, 0.9582331018635011, 0.9135266253446713, 0.9648467312039077, 0.9574629791567764, 0.984885429168336, 0.7225114832353146, 0.9823507055509262, 0.9809253062624115, 0.8041012208527197, 0.9754496602651812, 0.7742909008483599, 0.8969900023571233, 0.39133987975238693, 0.6189737538562846, 0.375864861413823, 0.6291924735875473, 0.6580892562718722, 0.8260166420258113, 0.8298474529161959, 0.8076065635453168, 0.9456148804998239, 0.6787683497791303, 0.5769326122186323, 0.8291480518094564, 0.8983547732920423, 0.9922579838568085, 0.9819427847801891, 0.756206524894148, 0.9853174226155994, 0.9807047137213385, 0.6613619777659704, 0.9337644073676694, 0.3922157154399245, 0.9055483412168763, 0.8753620737246732, 0.8404330753209214, 0.34270929833503994, 0.7455746810547207, 0.8943321077278277, 0.8772845873461891, 0.8957804562765084, 0.7776343920090364, 0.4126578275728541, 0.9112914307952922, 0.8274489534980415, 0.8580406866133151, 0.7102222829803995, 0.9747620924799274, 0.12552340156900568, 0.12552340156900568, 0.12552340156900568], [0.8368785283923627, 0.9282384246922216, 0.9385443975194416, 0.9959426186005597, 0.9547567872165535, 0.9763752732358855, 0.9356373524134871, 0.931047295459242, 0.9420045639719753, 0.8346371849158936, 0.87158203910626, 0.93760840463108, 0.8813714738306344, 0.9428437072886403, 0.9747308485272596, 0.9533451319649542, 0.9484202381508995, 0.780105825601405, 0.9712729947586827, 0.976680270268711, 0.9797178098666915, 0.9453869944137697, 0.9999999999999999, 0.9718287063979562, 0.9845172814387734, 0.9512769652785155, 0.9470162903579743, 0.8857527270394568, 0.9372313730344122, 0.8083952036776655, 0.9104094314160134, 0.960079013569862, 0.9265036124171633, 0.9170580846130082, 0.9472323218243879, 0.973392705315082, 0.9357695415113808, 0.8910068031779371, 0.9338541131482987, 0.9382525316839394, 0.780494648444931, 0.9512642477819587, 0.7941653012335884, 0.9456499177612979, 0.4069115363836535, 0.6627075068402661, 0.4062567168047258, 0.7605929086185516, 0.7405366735320413, 0.9518375559231335, 0.9536830474269437, 0.8948694824772778, 0.9658045357508169, 0.860822860075687, 0.7790220791819118, 0.9536598761661931, 0.8985080001697747, 0.9697271482809735, 0.942493312349106, 0.9133676048841464, 0.9673428539278778, 0.9798072395034414, 0.6489307962085631, 0.9889937140739282, 0.6365266280192303, 0.9748978947067054, 0.9565042626011595, 0.938345992013602, 0.5900354328831986, 0.9069831183945286, 0.9616528361698521, 0.9753327799612507, 0.9207244440606456, 0.8745406735266744, 0.6564141187296132, 0.9698872849055185, 0.9237763132613684, 0.9409617147678245, 0.8798433765677571, 0.9751472821884279, 0.18672038735532454, 0.18672038735532454, 0.18672038735532454], [0.8691234233054288, 0.8596706968081316, 0.9469142774089229, 0.9594584506961223, 0.9616238089616259, 0.9706719315611169, 0.8471326085675174, 0.9586099987589517, 0.9644782386419656, 0.8713466216912605, 0.8201303607975289, 0.9720214684077426, 0.8498334802737135, 0.9546879252933175, 0.9745784897290668, 0.9675524797777769, 0.8787182962799912, 0.8860936345383283, 0.907332151813419, 0.9874983143614072, 0.9735544279719572, 0.875482952671628, 0.9718287063979562, 1.0, 0.9365252044162118, 0.9095769686284584, 0.8660935972293498, 0.9656747682233465, 0.9283332412939724, 0.8802254210335516, 0.8302841297779491, 0.9014774064825876, 0.8900107702558321, 0.9268359014149893, 0.8715204545026229, 0.9634375716064268, 0.8476302974018829, 0.9379903314283211, 0.8458783873841055, 0.8511835598565863, 0.7166923128236231, 0.8709815639930614, 0.7560892099976743, 0.9179391441984696, 0.3860296399452897, 0.6342155505659136, 0.3520462459784586, 0.7718301501085788, 0.8272495851707685, 0.9674191460657486, 0.9679302171666762, 0.9347802397952816, 0.929698524664164, 0.9274900557283429, 0.8799342957923408, 0.9675093564545081, 0.8461799434654476, 0.90381693046324