{"song": "aretha_chain_of_fools", "source": "real_audio_rawchroma_untrained", "scheme": "bt_concat", "n_bars": 83, "tempo_bpm": 117.1875, "est_tonic_pc": 0, "grains": {"1": {"n_blocks": 83, "similarity_matrix": [[0.9999999999999998, 0.853032852105267, 0.853606679310466, 0.839162580722113, 0.8064306036100749, 0.8785968990496591, 0.8565060885089851, 0.8685072301802401, 0.8796828424953473, 0.8628118625931932, 0.8420812906504597, 0.8449053603754375, 0.8608730723892353, 0.9174977635476627, 0.9119233325847108, 0.8563036026939281, 0.8722513017561191, 0.9006770507297742, 0.8366526551396604, 0.9170340397101086, 0.8750164669210343, 0.8798566640429489, 0.8754566270775379, 0.8982803960142461, 0.8532192353285928, 0.8989677470073127, 0.8533493532312213, 0.9109801442070613, 0.8598792862400778, 0.8759303836907755, 0.8388560247264141, 0.8650467042495684, 0.8719381358793361, 0.8540851671331187, 0.8226423651066546, 0.8840411250375733, 0.8618775181250864, 0.9320466699482934, 0.8276028130883406, 0.7936090543774432, 0.7123921290562826, 0.7718454226877361, 0.7295582291308037, 0.7496792214289415, 0.5992478921114297, 0.6829080930324444, 0.6732001294221311, 0.6985040535365648, 0.8569219715667116, 0.8768830507335736, 0.8954749371422568, 0.8882431631806609, 0.8851934165288464, 0.84335124392959, 0.9036236984605582, 0.8959520840300323, 0.8586140937886675, 0.8917902310346537, 0.8322657465845762, 0.9241284735242532, 0.9254923167979618, 0.9009657976757282, 0.7393971509420928, 0.9318723247424133, 0.9245628835324936, 0.8895840370356248, 0.8937483849859826, 0.8678419326115232, 0.869409286871019, 0.8693866562520003, 0.8922405907454409, 0.9137804337369898, 0.9093072310759311, 0.8423679256117669, 0.8567792217907445, 0.8872877810482012, 0.8767948859365313, 0.8420267364580305, 0.9114097106109021, 0.9057553179405934, 0.0, 0.0, 0.0], [0.853032852105267, 1.0, 0.8880411447879037, 0.7868840164965478, 0.7707832534254317, 0.7905313710519662, 0.8566259522063715, 0.7280552555716545, 0.729910818878582, 0.7438009103052999, 0.7878672352335787, 0.7811531270751192, 0.7933124688612849, 0.7776024630733794, 0.8074533949806533, 0.7745003039205952, 0.7916820380498767, 0.7635750808795647, 0.86268017684181, 0.7457037824259006, 0.7877508704559053, 0.7605180481234856, 0.7991196528357976, 0.750294940864124, 0.7900654660601517, 0.8232577650060792, 0.7948847759882934, 0.7302684083756698, 0.8235036779061324, 0.7223717495742116, 0.8597569543941797, 0.8081731909244144, 0.843507643396116, 0.7170153151403433, 0.7890957613124407, 0.773163594613268, 0.8557427357312013, 0.7828477833642146, 0.8391726285394525, 0.7590161322423452, 0.6717539335075867, 0.7093676761632469, 0.6959505927563504, 0.6751568511356726, 0.5635638566780974, 0.6221832433165707, 0.5924860636235879, 0.5891925379332179, 0.7448672106302866, 0.7267785238593971, 0.8036771905994516, 0.8270171562945552, 0.8228534734330949, 0.6664456001930511, 0.7524274976995105, 0.799374395979665, 0.7733898019485379, 0.8157780636513398, 0.8488865302593519, 0.8121875747500666, 0.8960367505266682, 0.8655881710856264, 0.6968374157053298, 0.8325830558144653, 0.7649154914331524, 0.8011523735208588, 0.7815385360565128, 0.756638395767335, 0.6841507426760772, 0.7145514366880819, 0.8498074801964441, 0.8059768933481506, 0.8198526054247546, 0.672474611204335, 0.6928559987980022, 0.8527201987201629, 0.783508729437791, 0.719400400201558, 0.7901819649590509, 0.8475408632622692, 0.0, 0.0, 0.0], [0.853606679310466, 0.8880411447879037, 0.9999999999999998, 0.8474088912732036, 0.8421645970303495, 0.9067317439376954, 0.9225135669497646, 0.8114091276106374, 0.8455794545041286, 0.8581054271495228, 0.8492487602806404, 0.8681829029391326, 0.8866860345149563, 0.8493536654327679, 0.8812435131588665, 0.8710155745239401, 0.922088934450163, 0.8250341528316292, 0.9136543018568709, 0.8181959825186476, 0.8983515907942724, 0.8611381180808764, 0.8640002267997644, 0.8252650154933752, 0.8661603010889125, 0.9018471444576615, 0.867319199378831, 0.7999235188136871, 0.8439158854507707, 0.8344084937994763, 0.8788339786822221, 0.8464470097137211, 0.8982792088403022, 0.8086942875502932, 0.8661346643009384, 0.8704305788319456, 0.9026129539167836, 0.8900061206131441, 0.8933508279527773, 0.8587537420142438, 0.796306877871974, 0.8149400701578857, 0.8066593736292353, 0.844173799052436, 0.7231550386002903, 0.796588291484417, 0.8067590307853205, 0.8228617897673068, 0.8782017192197895, 0.8212611444949787, 0.8967733940780487, 0.8738008669153343, 0.9112201796023605, 0.8260028703567812, 0.8699314100775448, 0.8928671380406803, 0.84439177037908, 0.8871774382787997, 0.918593088956054, 0.8873376232631872, 0.937686810474379, 0.9138770968472605, 0.84878654502087, 0.8843472592015489, 0.8335828208344565, 0.8622946155397416, 0.8817972395155433, 0.8330583643195841, 0.8161404058739594, 0.8339533854524496, 0.9219775283261737, 0.885451289753787, 0.9001444352432864, 0.823318799155041, 0.8279310839326361, 0.8999213717429349, 0.885253675425035, 0.8451239012072678, 0.8784726252060557, 0.9076753706699765, 0.0, 0.0, 0.0], [0.839162580722113, 0.7868840164965478, 0.8474088912732036, 0.9999999999999998, 0.9598981645767987, 0.9495874797024073, 0.9226989330749911, 0.9620036656378652, 0.9503043124425492, 0.9476664603263303, 0.89694904394198, 0.9003446591271768, 0.8671027851929065, 0.9201295057415874, 0.9061363793611475, 0.9138897848854649, 0.9143644964247027, 0.8892766641575508, 0.9203964235892412, 0.8803625810926894, 0.9162171178612772, 0.935041095070489, 0.9149596726669244, 0.8968592895763385, 0.9224197125725682, 0.9199994072019323, 0.9435156649894276, 0.8933800384258133, 0.9276738000164881, 0.9031617259305019, 0.9131412064944503, 0.8956999656312618, 0.9100163902041556, 0.8702549152733283, 0.9160075293597962, 0.9090428034547687, 0.9110125752123279, 0.8743615227106725, 0.9461005331193924, 0.8563835620722733, 0.7337218000125899, 0.8079656431327075, 0.8257083194197029, 0.7766428286317915, 0.6740232564761802, 0.7223117044657661, 0.7635657639769882, 0.7187662147026165, 0.9112284912739287, 0.9400344866721366, 0.9352732847326636, 0.9003959435133848, 0.9380568038398793, 0.8832866862745663, 0.9019731706399051, 0.9298624499933559, 0.9166932991727804, 0.9348727263442099, 0.9207578274797483, 0.9096004746920568, 0.9281900044518103, 0.9159097556853728, 0.8875248105941025, 0.9262465830062039, 0.897785141066159, 0.9276592370567294, 0.9033741786779399, 0.9047209998636299, 0.8916316371866717, 0.878436430580167, 0.946130046816573, 0.9226155147171446, 0.9563525091527139, 0.9061396140642499, 0.8660429559197993, 0.949637315963281, 0.9436107971256974, 0.9006501618575816, 0.9236814586367121, 0.9318866050470406, 0.0, 0.0, 0.0], [0.8064306036100749, 0.7707832534254317, 0.8421645970303495, 0.9598981645767987, 0.9999999999999998, 0.9311867853634082, 0.8708757948915562, 0.9184827359863059, 0.9422567021080779, 0.8881662402962525, 0.9112629813940126, 0.9052315301043825, 0.8743401588875447, 0.9137129403548824, 0.8880559252463922, 0.9152036159693316, 0.9014671891668151, 0.8984672565544352, 0.8974068190648232, 0.8654433894390654, 0.9364900676040918, 0.9214054983627038, 0.8968663456572499, 0.8990484191344182, 0.8936835989184839, 0.9183770895369366, 0.924547988543395, 0.8720500618457853, 0.9467444527782385, 0.9058774529249962, 0.8664613986881469, 0.9151799652119732, 0.9108305382274955, 0.8683753133933723, 0.8724495887435223, 0.9018909055639919, 0.8876266134416707, 0.8956504712064894, 0.9095953985788654, 0.8748097623453914, 0.7616986771191308, 0.8256987295056704, 0.8822459319179821, 0.8385783844635498, 0.7353153111095387, 0.7731887346632937, 0.820871034914407, 0.7820951039599235, 0.9345080246616502, 0.9445287519806546, 0.9551467872525249, 0.9319847364517566, 0.922871886673091, 0.8935982754439942, 0.9201529291694257, 0.9090916992079046, 0.8930999668052858, 0.8934919155918457, 0.9034519171419453, 0.8978734722064572, 0.9164007156304319, 0.9192528208610911, 0.8997169570003911, 0.8984590728035784, 0.9089652272986133, 0.9408210941030205, 0.9264892704642878, 0.9346281945096304, 0.9235783836833192, 0.8864768465949087, 0.9241769858739343, 0.9047568195015188, 0.9549780514158974, 0.9015107959194052, 0.9073490239821989, 0.9205423027626496, 0.9352528077598223, 0.9237802663699702, 0.9280826168502532, 0.8967181960537041, 0.0, 0.0, 0.0], [0.8785968990496591, 0.7905313710519662, 0.9067317439376954, 0.9495874797024073, 0.9311867853634082, 0.9999999999999998, 0.926318892432832, 0.9119484707797818, 0.9316627252690419, 0.938897421045092, 0.8813581038421923, 0.8948719082217687, 0.8818320475890533, 0.8950840284152356, 0.9261337381511386, 0.8978368265561036, 0.9341968742118195, 0.8817030220933699, 0.9335520113540341, 0.8803967906886319, 0.9438954642518003, 0.92420095326367, 0.9252939090206257, 0.8953067017101188, 0.9499416592772896, 0.927944447462167, 0.9403225542322757, 0.8532346624267102, 0.89743982059154, 0.9016128632574401, 0.9205268545193436, 0.8751912167542683, 0.9268575225020472, 0.8352629842208731, 0.92137360030265, 0.8822360046641087, 0.9270886979183559, 0.9095970144699612, 0.9414665371986821, 0.8900394731655402, 0.8082967430449992, 0.8414085102426402, 0.8601774105190231, 0.8352375997334094, 0.6891667150966431, 0.7758073332420947, 0.8022567310002601, 0.801112902635393, 0.9413716414460022, 0.9178601591199507, 0.9484460299113979, 0.8957538205367961, 0.93297040829436, 0.8882294462555913, 0.9172583296245724, 0.9542563507359334, 0.9462743822687989, 0.9359392862546655, 0.9432351775236325, 0.9392316928588239, 0.9455342606959859, 0.921902631395924, 0.9158811851001172, 0.9256755210759007, 0.9148716647516743, 0.9157084599836337, 0.9290345480977544, 0.908742988743233, 0.9040375191361136, 0.8806251624581474, 0.9379645549559656, 0.9444025649872055, 0.9469631050344296, 0.8921922363479341, 0.8899772090242972, 0.9423061710928486, 0.929327694989652, 0.9090330881625415, 0.9274870005279896, 0.9231794956132965, 0.0, 0.0, 0.0], [0.8565060885089851, 0.8566259522063715, 0.9225135669497646, 0.9226989330749911, 0.8708757948915562, 0.926318892432832, 1.0, 0.8800563936720167, 0.8895221053304202, 0.930796072304803, 0.8948222653719737, 0.9166045647874382, 0.9018154733598316, 0.875909545033179, 0.9193201977513178, 0.9049123531688454, 0.9421838821723671, 0.8527962350227856, 0.940595578314219, 0.8532575193078724, 0.9008366675230262, 0.8899455357660127, 0.9118010852856488, 0.8752458503640486, 0.9366593794196407, 0.8976567153882234, 0.9400096818924877, 0.8206656813347291, 0.8654090948021389, 0.8572264340997242, 0.9491230496198415, 0.8626864694183811, 0.9301179064702768, 0.8551553770975335, 0.9442369025064037, 0.8794609091758807, 0.9539492687127171, 0.8500738288152392, 0.9523115917018194, 0.8434056133322917, 0.7660802087756096, 0.8111417110166333, 0.7896388141637236, 0.8045774674421375, 0.7099472706644935, 0.762559953648494, 0.7689635768644119, 0.7472742447571948, 0.8733219471551776, 0.8715012073313319, 0.901774955203278, 0.8938195527918239, 0.9204987563654401, 0.8327985321150034, 0.8609139532467681, 0.9304567520202649, 0.9108689470694195, 0.9427365962679936, 0.9341334620041404, 0.9083453550080314, 0.936387845254449, 0.9376624445646675, 0.9046710056069521, 0.928771600869158, 0.8360841379461765, 0.8642697229855643, 0.8783529492460362, 0.8379217667041297, 0.8091055620482035, 0.8468960012680846, 0.9138242445377197, 0.9359630479980741, 0.9186982355177696, 0.8438596292725835, 0.8180004808225008, 0.9334114265276239, 0.895688300025417, 0.8596307397518725, 0.8918212807227778, 0.9554188114854358, 0.0, 0.0, 0.0], [0.8685072301802401, 0.7280552555716545, 0.8114091276106374, 0.9620036656378652, 0.9184827359863059, 0.9119484707797818, 0.8800563936720167, 1.0, 0.9682892203950038, 0.9361114259609071, 0.8552434025194956, 0.8855851958543797, 0.85796874441525, 0.9286444936234576, 0.8847461506143086, 0.89739455417748, 0.8924187687120205, 0.8772141926096305, 0.8660378790020351, 0.8838325932406408, 0.8887776972953599, 0.9112418942414175, 0.864386345275747, 0.8824055338150727, 0.8876201594471409, 0.8907057608247448, 0.8968755347611614, 0.9390416450117695, 0.9348221075841524, 0.8940912418337156, 0.8588923886583179, 0.8723641845277431, 0.8651027890926323, 0.8623015426531299, 0.8730588931119032, 0.9100330533335357, 0.863942085935896, 0.8883646798028659, 0.8764703322640419, 0.8077677551915555, 0.6705601588280966, 0.7397790618158852, 0.7533767855572759, 0.7361660624029348, 0.6145455144645801, 0.6912980705674213, 0.7216944451820446, 0.6966341583315416, 0.882227251658396, 0.9504863461552091, 0.9039097978797515, 0.8787925719502978, 0.9395004151988032, 0.9284997075092567, 0.9186797783939445, 0.8955623477660606, 0.8786439009762887, 0.8859151983130087, 0.84798210027914, 0.8801611318977786, 0.8969058308372425, 0.8888671783898646, 0.8409399687487438, 0.9112506255670709, 0.9140136794004803, 0.9238425752759805, 0.8790191419632578, 0.8805275947631134, 0.9146450853866259, 0.9200750700163589, 0.9325999106726514, 0.9075931886739108, 0.9633701038290767, 0.9339876333714647, 0.8564244760718064, 0.9129324319080381, 0.9568586991361301, 0.9201869752956426, 0.9347549641830326, 0.9134025981498386, 0.0, 0.0, 0.0], [0.8796828424953473, 0.729910818878582, 0.8455794545041286, 0.9503043124425492, 0.9422567021080779, 0.9316627252690419, 0.8895221053304202, 0.9682892203950038, 0.9999999999999998, 0.935610294271795, 0.8830828053077009, 0.908116271412589, 0.8975811002741108, 0.9395467691717752, 0.909052081900539, 0.9109437635831189, 0.9237295032157044, 0.9147319665983699, 0.868377910840069, 0.9016296699522135, 0.9289219331269765, 0.9286248137963417, 0.8888429085044026, 0.9195040892778648, 0.8981800595586972, 0.911725320965845, 0.9166683710927358, 0.9355676493186822, 0.9255153320236884, 0.9284151100937114, 0.8530849711234753, 0.8912974722876951, 0.8934362049292106, 0.9021111807391622, 0.8748061171531444, 0.9171563322154246, 0.8846041653465158, 0.9337956036777997, 0.8829985102631555, 0.8236148510708675, 0.7126190125458159, 0.7798758765139868, 0.792198483099513, 0.8084867632487456, 0.6773418675373093, 0.7501794918220687, 0.7943953972394443, 0.779574138529628, 0.9294512404877, 0.9620474232617873, 0.9409056397766875, 0.9148153139828534, 0.9416867753130793, 0.9447741018987712, 0.94725168878219, 0.908376771312289, 0.8884836616572112, 0.9003178262912841, 0.8555771253321629, 0.9058436492328347, 0.9072581736809728, 0.9221439982675395, 0.877899590772264, 0.9325626515042009, 0.9417597908675122, 0.9379940084095558, 0.9211645132633112, 0.9107978918752889, 0.9439789859566555, 0.938191430816402, 0.9263592549060669, 0.9209292391742059, 0.972167507949287, 0.9410234157459407, 0.9205806670915568, 0.9007414521829308, 0.9541003907043403, 0.938230944723581, 0.9437664396899588, 0.9153376713360146, 0.0, 0.0, 0.0], [0.8628118625931932, 0.7438009103052999, 0.8581054271495228, 0.9476664603263303, 0.8881662402962525, 0.938897421045092, 0.930796072304803, 0.9361114259609071, 0.935610294271795, 0.9999999999999998, 0.9061646345112201, 0.9077599160667945, 0.875092589389306, 0.9160126810999162, 0.9475390367570877, 0.9322932655917663, 0.9368874773357654, 0.8908544734094825, 0.9015923372591915, 0.906283524593253, 0.9253654659629658, 0.9232413432071639, 0.9402049021083496, 0.9048812324442523, 0.9242253436421901, 0.9325324553904517, 0.958554539397737, 0.8906790099548342, 0.8705772915867908, 0.9318137924902021, 0.9009550314829705, 0.9014168172711616, 0.9241196001219136, 0.8725787902935426, 0.9253416631609048, 0.9204710055606202, 0.9183406996487176, 0.8975411318813064, 0.9108333934178603, 0.8860428639386382, 0.8133145564704232, 0.8513836415764547, 0.8414341529580633, 0.8358446904851426, 0.7340330552163604, 0.8099573815372494, 0.8124289604990431, 0.8003160759149794, 0.9173999040743116, 0.9222108643394199, 0.9307472430789091, 0.905263506325438, 0.9356713078000845, 0.8755078924797004, 0.9106967695237504, 0.940326673532041, 0.9413849693726344, 0.9356229875881887, 0.9105993509634074, 0.9175124475655564, 0.9192558053145282, 0.9068921378941313, 0.908690256935603, 0.9350098899202071, 0.900228273758102, 0.8833082984293181, 0.9077329656331847, 0.883467642341019, 0.9009112858581201, 0.8685800081559522, 0.9341962057556675, 0.9446900237504642, 0.9296143319832538, 0.8954552016454522, 0.8792793501342293, 0.9328811901934113, 0.9149073672612499, 0.8749278465318348, 0.9412402657255862, 0.9252574286682725, 0.0, 0.0, 0.0], [0.8420812906504597, 0.7878672352335787, 0.8492487602806404, 0.89694904394198, 0.9112629813940126, 0.8813581038421923, 0.8948222653719737, 0.8552434025194956, 0.8830828053077009, 0.9061646345112201, 0.9999999999999998, 0.9489300818550263, 0.9315992123665167, 0.9230888183852647, 0.9436214471156344, 0.974001071141569, 0.9535121103179041, 0.9304840129181453, 0.9160742411710852, 0.925784611346016, 0.9609669793023796, 0.947318765659986, 0.9750648104781707, 0.9570004326789643, 0.9165509475107444, 0.9557252037759374, 0.9579346390954829, 0.8572966470749508, 0.8985796099117701, 0.9149183935274549, 0.899912175592368, 0.9755845774346243, 0.962479904994404, 0.9324532762793286, 0.9232358458510941, 0.9518123053220499, 0.9343044961002445, 0.8981022436108714, 0.9202577304138897, 0.9084271969564692, 0.8636313069734547, 0.9249936660695044, 0.9104486632978903, 0.907364653665215, 0.866577118770628, 0.8824352887656496, 0.8692278811357527, 0.8296703649621401, 0.9052081503205092, 0.9336259641943623, 0.9534964608117246, 0.9629652186271188, 0.907828386036648, 0.8376769632268144, 0.8949578554998674, 0.9458936387350214, 0.90554111580246, 0.9474301119589065, 0.9209647335619195, 0.93523578667724, 0.9311086300614589, 0.9418128073569516, 0.8759472738691128, 0.943761149533772, 0.8727864447862403, 0.8928017120714974, 0.9302074353257167, 0.9163346015216969, 0.9009540048624142, 0.8421300478842935, 0.8801451474564783, 0.941896079779985, 0.9079454451543474, 0.8679718782122096, 0.8963392697916441, 0.9277306433010175, 0.891859597821324, 0.8679550403117018, 0.9255513821550427, 0.9468899829287132, 0.0, 0.0, 0.0], [0.8449053603754375, 0.7811531270751192, 0.8681829029391326, 0.9003446591271768, 0.9052315301043825, 0.8948719082217687, 0.9166045647874382, 0.8855851958543797, 0.908116271412589, 0.9077599160667945, 0.9489300818550263, 1.0000000000000002, 0.9505593393304207, 0.9300743776386837, 0.9295159491246161, 0.9784299827145196, 0.950725795703572, 0.9394870300081429, 0.9243737095783904, 0.9223437716428196, 0.9470160534296237, 0.9352906622526309, 0.9381729133335948, 0.9348993865802495, 0.9367729770715064, 0.9531988689902291, 0.9303281544087171, 0.8685237676894659, 0.9183108665126314, 0.9154947892168483, 0.8942945722446818, 0.9457006006118452, 0.9572287885708222, 0.9303628062718314, 0.9434272240550137, 0.9416390171726698, 0.9260884714911013, 0.8957775641623454, 0.9068989579922354, 0.8644961357441827, 0.775978233681279, 0.8389173008035381, 0.8421979791512861, 0.8734726316587998, 0.7813026991837053, 0.8605608357059196, 0.8254972035088806, 0.7995316596752104, 0.9106325136315561, 0.9424903806403033, 0.9242039499567215, 0.9551246767285706, 0.9343081216601729, 0.8803014491082388, 0.920753467649288, 0.933254049431435, 0.8939736725210338, 0.921851802572927, 0.9206383667227109, 0.9344530170086423, 0.9084990299317135, 0.964908705237391, 0.9048173594458205, 0.9538868304802147, 0.8917783612048994, 0.8945446160337198, 0.9218805518689197, 0.8941632096539327, 0.9072321137691007, 0.8973699072537072, 0.9005296714240134, 0.9556634618242315, 0.929078165458186, 0.8929419115467945, 0.9116375866529978, 0.9401984574421548, 0.9065880278825302, 0.9161096562634601, 0.9427315656934536, 0.9643427689211406, 0.0, 0.0, 0.0], [0.8608730723892353, 0.7933124688612849, 0.8866860345149563, 0.8671027851929065, 0.8743401588875447, 0.8818320475890533, 0.9018154733598316, 0.85796874441525, 0.8975811002741108, 0.875092589389306, 0.9315992123665167, 0.9505593393304207, 0.9999999999999998, 0.9038291854812555, 0.9287804863359552, 0.9387528664045518, 0.9720963585364368, 0.9040664492063738, 0.9244954611794421, 0.8920950343373041, 0.9517472909154225, 0.9127214805266918, 0.9272304707624717, 0.9304297371140584, 0.9254220885841438, 0.9200614969637437, 0.8967486478495261, 0.8518020657650776, 0.9131764599461152, 0.8703992142860093, 0.8973981735212067, 0.9038619507747743, 0.9270557776828885, 0.9040444014192384, 0.9307777190223899, 0.9170676904344025, 0.9168463816335507, 0.8930315798296697, 0.9012385652871596, 0.8515301171771646, 0.7720963001214804, 0.8482445198021764, 0.8172343695840992, 0.8659275850812487, 0.7714342560184175, 0.8459082031853027, 0.8073816598527268, 0.8166956672469077, 0.8888356453244294, 0.9191017838339598, 0.9048172514620387, 0.918496346277835, 0.9293227784508085, 0.8937218415559214, 0.9007429925637317, 0.9222974544806188, 0.8758808849236115, 0.9112610435861664, 0.8882346712153066, 0.907357636259768, 0.9126318441867418, 0.9684390713731402, 0.8733326183434367, 0.9456954157495936, 0.8773182238058885, 0.8991798432929563, 0.9067838760885727, 0.8592536142392667, 0.8681955768185052, 0.9029048617150303, 0.8803402775713716, 0.9169533907536009, 0.918669557666886, 0.8870586723111045, 0.8882516811409822, 0.9104348007640619, 0.9053126163993872, 0.9240073123017685, 0.9214112882638439, 0.9593044959119716, 0.0, 0.0, 0.0], [0.9174977635476627, 0.7776024630733794, 0.8493536654327679, 0.9201295057415874, 0.9137129403548824, 0.8950840284152356, 0.875909545033179, 0.9286444936234576, 0.9395467691717752, 0.9160126810999162, 0.9230888183852647, 0.9300743776386837, 0.9038291854812555, 0.9999999999999998, 0.9292491626057792, 0.9593853830476128, 0.9230745045073764, 0.9783348193575163, 0.8571057490443761, 0.9701782958426425, 0.9305756907487668, 0.9666695604219134, 0.9165072469286271, 0.9606048976619886, 0.8666057695973008, 0.959930906619026, 0.9070990527044958, 0.9713051530323802, 0.9082235849021612, 0.9694868999214262, 0.8275902581147614, 0.9423424738434071, 0.8985445654319881, 0.9592999542445892, 0.859583013810158, 0.9792560753503916, 0.8645435654065531, 0.9556920616353224, 0.8639852791214407, 0.848485123910442, 0.748683663106304, 0.8319496677374056, 0.8352995768039257, 0.8401325628539934, 0.7497655064012783, 0.7831790140449442, 0.8169942317200729, 0.7930578366784071, 0.9344056768491702, 0.9649224427266851, 0.9538326452805463, 0.953722275084276, 0.9286760689570156, 0.9178293174643193, 0.9722620616368338, 0.935949833730706, 0.8767137474422191, 0.9359073021272039, 0.8724959076345378, 0.9573261202069151, 0.9258017369876479, 0.9313610725549757, 0.8310281235046159, 0.9564833458884707, 0.9359534608975872, 0.9442192308638356, 0.9533794197570019, 0.9450843250971741, 0.944873711238523, 0.9202930820989906, 0.9329166739638144, 0.9453890710132888, 0.9553855999179339, 0.9373073057983448, 0.9446732446900462, 0.9345833128238575, 0.9251252559038311, 0.9129052368026742, 0.965986075889046, 0.9406863190824633, 0.0, 0.0, 0.0], [0.9119233325847108, 0.8074533949806533, 0.8812435131588665, 0.9061363793611475, 0.8880559252463922, 0.9261337381511386, 0.9193201977513178, 0.8847461506143086, 0.909052081900539, 0.9475390367570877, 0.9436214471156344, 0.9295159491246161, 0.9287804863359552, 0.9292491626057792, 0.9999999999999998, 0.9471487348528925, 0.9550483262258318, 0.9177730579934993, 0.9275410713207374, 0.9476732696460762, 0.9570545039337255, 0.9300773009464504, 0.9715443141288249, 0.9434474628559257, 0.9429446835889053, 0.9616884029173002, 0.959843258227472, 0.872461863433668, 0.8812648311855314, 0.9278900421491884, 0.9177939476943905, 0.933756157587133, 0.9633392386916046, 0.8963855175670836, 0.9376692971881093, 0.9377622432612891, 0.9456503784366714, 0.933961871252226, 0.914443299526586, 0.9255578953692134, 0.8533980777570541, 0.9244684953564272, 0.8859045381992771, 0.886613783683609, 0.7774829808454289, 0.8553941915123546, 0.8210683651937187, 0.843018507270024, 0.9328026858225016, 0.9188232875480232, 0.9553971592100144, 0.9418404148636552, 0.9329654272131707, 0.8718223839915358, 0.9213174226465015, 0.9725801654532484, 0.9497830818506485, 0.9574158476216306, 0.9321711106326489, 0.9631844052192273, 0.9535000362227015, 0.9574248119084809, 0.8830023673210012, 0.9669125543935861, 0.924656032614523, 0.8978856571912417, 0.9503588253438927, 0.9084205648639765, 0.9043844533018115, 0.8833474937683415, 0.92526244483642, 0.972342417339745, 0.9237605665067352, 0.8856975205429769, 0.9149772528791257, 0.9573825602560472, 0.9117981247190401, 0.8936120812952218, 0.9581508707591946, 0.9543635653096786, 0.0, 0.0, 0.0], [0.8563036026939281, 0.7745003039205952, 0.8710155745239401, 0.9138897848854649, 0.9152036159693316, 0.8978368265561036, 0.9049123531688454, 0.89739455417748, 0.9109437635831189, 0.9322932655917663, 0.974001071141569, 0.9784299827145196, 0.9387528664045518, 0.9593853830476128, 0.9471487348528925, 0.9999999999999998, 0.9602372261246199, 0.9530291816511708, 0.9177238451826146, 0.9484707318587804, 0.9641042997424296, 0.9630956664549802, 0.9582648382360428, 0.9555378761741022, 0.9200424514261198, 0.9706054611782912, 0.9467684341211653, 0.8983909822395116, 0.916191515962566, 0.9473338175275412, 0.881630086806022, 0.9717318160614833, 0.9512679721673041, 0.944713100017629, 0.9271362322842042, 0.976695173736942, 0.917713888365562, 0.9243432706503264, 0.9012880575459378, 0.8996738893622631, 0.8202097200501208, 0.8897358349311342, 0.887745717120398, 0.8995774017754317, 0.8372473398579916, 0.8796932765420771, 0.8716601023658352, 0.8429058068543398, 0.9294587147653142, 0.9541752797891427, 0.9547868335870721, 0.9677217456018379, 0.932970307419607, 0.8856990835681562, 0.9379303489448854, 0.9497827377743109, 0.9005008233956222, 0.9423560745910577, 0.9279529899088723, 0.951528658436407, 0.930467382469094, 0.9539502074028934, 0.8924130197967214, 0.9562724977507788, 0.9022580480295328, 0.9063057202383047, 0.9401839949935742, 0.9194247748157843, 0.9321589396581567, 0.8882407242381896, 0.9173786485571256, 0.9605123461166702, 0.9336286057811709, 0.9093832908132213, 0.9298334993641276, 0.9471897735553017, 0.9165319397379277, 0.9097205685297536, 0.9585428904872906, 0.9618136723098678, 0.0, 0.0, 0.0], [0.8722513017561191, 0.7916820380498767, 0.922088934450163, 0.9143644964247027, 0.9014671891668151, 0.9341968742118195, 0.9421838821723671, 0.8924187687120205, 0.9237295032157044, 0.9368874773357654, 0.9535121103179041, 0.950725795703572, 0.9720963585364368, 0.9230745045073764, 0.9550483262258318, 0.9602372261246199, 0.9999999999999998, 0.9069360913155233, 0.939808813212222, 0.9115367059130676, 0.9712447549303165, 0.94105198288991, 0.957206471543677, 0.9402313374615243, 0.946144416151633, 0.946981581992834, 0.9448844632108753, 0.8730336093601281, 0.9010725985541093, 0.9037518890796226, 0.916502863565569, 0.920284497746784, 0.9499839829650738, 0.914759870075209, 0.9468409400304589, 0.9455363481166393, 0.9453453047058482, 0.9193740628493439, 0.9321959594714494, 0.898350122908835, 0.8407787942313178, 0.8930891394973771, 0.867831967008546, 0.9094499122140859, 0.8086977083963358, 0.873602720080285, 0.8695235571305615, 0.8587303344702388, 0.9196950120077938, 0.9349457977155107, 0.9510747502652478, 0.9286833164889058, 0.9417089170823325, 0.9039004133025454, 0.9182203935838482, 0.9590447617896175, 0.9143231072933813, 0.9518626128075631, 0.938645756141096, 0.9351783003390014, 0.9496008503563832, 0.9628627312580335, 0.9183358137085652, 0.9521083563082566, 0.8941315810474069, 0.9123961552548507, 0.9378372785207099, 0.8948990188266308, 0.9012095703000974, 0.9037915092426041, 0.9219739064434145, 0.9500967038341311, 0.9386896013105284, 0.9119569249048171, 0.9074375636564764, 0.9332376831324833, 0.9384827695737802, 0.9190048273895048, 0.940687197299465, 0.9702701176672788, 0.0, 0.0, 0.0], [0.9006770507297742, 0.7635750808795647, 0.8250341528316292, 0.8892766641575508, 0.8984672565544352, 0.8817030220933699, 0.8527962350227856, 0.8772141926096305, 0.9147319665983699, 0.8908544734094825, 0.9304840129181453, 0.9394870300081429, 0.9040664492063738, 0.9783348193575163, 0.9177730579934993, 0.9530291816511708, 0.9069360913155233, 1.0, 0.841244606144756, 0.9752572597378683, 0.9273711202462493, 0.9643039880805677, 0.9268857356588057, 0.9746094581623891, 0.8607865980537825, 0.9634616253864037, 0.8983187342098187, 0.9421719992692299, 0.8859072696944157, 0.9732993038073625, 0.8157585671336309, 0.9444198562170804, 0.9083746356334624, 0.9726684504475345, 0.8548074302827882, 0.9567104072544492, 0.8586403188104361, 0.9480510056063807, 0.8579066983529301, 0.839977142842456, 0.7602950280954723, 0.8416921051465954, 0.8406499241987307, 0.8479554023844675, 0.7679077069635707, 0.8015387576610757, 0.8127130813491364, 0.7926549531878823, 0.944958471576482, 0.9565722051379035, 0.9434090765803305, 0.9642133089574876, 0.9096865495836461, 0.8894751722569303, 0.9643080234695811, 0.9307244255952354, 0.8734460117310895, 0.9290379125009969, 0.8557660755586264, 0.9583093578885173, 0.8987547247237626, 0.931682014623098, 0.8250646370169602, 0.9600095095015257, 0.9349555542120958, 0.9319132503490019, 0.9528346702077193, 0.9504663888449583, 0.9394650589809411, 0.9013297753699997, 0.9002652413240556, 0.9385315940621606, 0.9318868193938988, 0.9148266194045398, 0.9562589164521992, 0.9197949707175643, 0.8869259802654914, 0.8966071392886983, 0.9502207560886049, 0.9240327765631238, 0.0, 0.0, 0.0], [0.8366526551396604, 0.86268017684181, 0.9136543018568709, 0.9203964235892412, 0.8974068190648232, 0.9335520113540341, 0.940595578314219, 0.8660378790020351, 0.868377910840069, 0.9015923372591915, 0.9160742411710852, 0.9243737095783904, 0.9244954611794421, 0.8571057490443761, 0.9275410713207374, 0.9177238451826146, 0.939808813212222, 0.841244606144756, 0.9999999999999998, 0.8388906016824804, 0.9412024975887642, 0.8997827039379636, 0.9385659858131492, 0.8649174168430128, 0.973652188945925, 0.9172302708069945, 0.9438685726217797, 0.7804202652722152, 0.9203115885948367, 0.8360579985130414, 0.9829744376801627, 0.9055499411416956, 0.9590168946690975, 0.8118495184870042, 0.9760767001397723, 0.8781031770031749, 0.9665421535329395, 0.8453867284835679, 0.9699452416237253, 0.8861770974532514, 0.7817565123108785, 0.8423251474630569, 0.8357801625166623, 0.8096109876560382, 0.7084483749997988, 0.7865203855904233, 0.7575020232480529, 0.7479805950245253, 0.8666091141231573, 0.8714158848340445, 0.9072294939861412, 0.8945558118161129, 0.9285055905541033, 0.810677273473234, 0.8411617711948823, 0.9344493861223517, 0.9176343067365145, 0.9323526542742626, 0.9732090596264359, 0.9169063451790034, 0.9469807267872956, 0.9465554273548548, 0.8792373977954625, 0.9276429958776198, 0.8390062544549487, 0.8555438970744216, 0.8735927169996827, 0.8363299904157304, 0.8215801915176286, 0.816972888683881, 0.8996556462074466, 0.9329171736033139, 0.9039224082013911, 0.8142935836526345, 0.815122720738097, 0.9546220630342732, 0.891304717036258, 0.8711858456173434, 0.8909552878619736, 0.9600770218475148, 0.0, 0.0, 0.0], [0.9170340397101086, 0.7457037824259006, 0.8181959825186476, 0.8803625810926894, 0.8654433894390654, 0.8803967906886319, 0.8532575193078724, 0.8838325932406408, 0.9016296699522135, 0.906283524593253, 0.925784611346016, 0.9223437716428196, 0.8920950343373041, 0.9701782958426425, 0.9476732696460762, 0.9484707318587804, 0.9115367059130676, 0.9752572597378683, 0.8388906016824804, 0.9999999999999998, 0.9178163576639027, 0.9583150796902076, 0.9376255249222923, 0.9774448775666125, 0.8726703871684296, 0.9644047200422372, 0.9047520751517759, 0.9357988043780754, 0.8603850357139009, 0.9592130679168227, 0.8232312075433565, 0.9360715418366412, 0.9039694384917236, 0.9577042090426203, 0.861212380282729, 0.9591847858230831, 0.8696245058531222, 0.950177909873702, 0.8501917307922129, 0.8658155385349882, 0.7969353901447865, 0.8766883392489051, 0.8494658893735161, 0.8464771277341152, 0.7577095825932605, 0.8190839453657631, 0.80999578432429, 0.8093025475684585, 0.9378051116908758, 0.9528832869143112, 0.9394598990759526, 0.9411082757816253, 0.9007434886157963, 0.8953209367712253, 0.9558982327579293, 0.9543943997819552, 0.89188320852548, 0.9448421058163889, 0.856739407867271, 0.9694038557386442, 0.9072557690596887, 0.9266374582004576, 0.8109856405483304, 0.9649947317266959, 0.9332135932140073, 0.9277284197736527, 0.9555755131934139, 0.9478402376465311, 0.9354582408904721, 0.9079348935073475, 0.9038370482291883, 0.953347845061994, 0.919008702502964, 0.9290022918315117, 0.9375443904296676, 0.9318723035456655, 0.8994217802144143, 0.8921721765188348, 0.9546211458921563, 0.9270641946440048, 0.0, 0.0, 0.0], [0.8750164669210343, 0.7877508704559053, 0.8983515907942724, 0.9162171178612772, 0.9364900676040918, 0.9438954642518003, 0.9008366675230262, 0.8887776972953599, 0.9289219331269765, 0.9253654659629658, 0.9609669793023796, 0.9470160534296237, 0.9517472909154225, 0.9305756907487668, 0.9570545039337255, 0.9641042997424296, 0.9712447549303165, 0.9273711202462493, 0.9412024975887642, 0.9178163576639027, 1.0, 0.9606356052257666, 0.9679579090700036, 0.9470399184282727, 0.9477269521114267, 0.9580739174031828, 0.9587398035565816, 0.8767273957197901, 0.9284324717249315, 0.9342035936790043, 0.910293697205218, 0.9529397572056935, 0.9640925311212868, 0.9037973553796911, 0.9323119113590794, 0.9388420867612274, 0.9469407648727137, 0.9351219428903531, 0.9277228080511932, 0.9106828798038091, 0.8459402830639895, 0.9097877989948585, 0.9106006005812137, 0.9162124458210386, 0.8243398538417498, 0.8812931658787195, 0.8890450285934466, 0.8747362007383489, 0.9476104577326674, 0.9451775358517552, 0.9688328393890637, 0.9628982762570442, 0.9404006112496985, 0.8838606358811483, 0.9377349986892742, 0.9529298476101444, 0.9243436927030164, 0.9353678718918277, 0.9357536786137977, 0.9492837435956821, 0.9472926561166493, 0.9639671089581094, 0.9046575185388048, 0.9578621158092471, 0.9148465674800235, 0.9138755817472322, 0.950321659231999, 0.9288401473687199, 0.937332552094094, 0.8820015790870976, 0.918577614754134, 0.9537942340574701, 0.9477628118004757, 0.8901530750897149, 0.937697657072974, 0.9355930460904313, 0.9204134109585004, 0.9097551126762392, 0.9547202094854874, 0.9475973978640175, 0.0, 0.0, 0.0], [0.8798566640429489, 0.7605180481234856, 0.8611381180808764, 0.935041095070489, 0.9214054983627038, 0.92420095326367, 0.8899455357660127, 0.9112418942414175, 0.9286248137963417, 0.9232413432071639, 0.947318765659986, 0.9352906622526309, 0.9127214805266918, 0.9666695604219134, 0.9300773009464504, 0.9630956664549802, 0.94105198288991, 0.9643039880805677, 0.8997827039379636, 0.9583150796902076, 0.9606356052257666, 1.0000000000000002, 0.9532556358811513, 0.9702557023412903, 0.9076854443727421, 0.9644873693710696, 0.9368220072896039, 0.9272436235111318, 0.9032820291867517, 0.9647747694954267, 0.8765164948385171, 0.9491683252671643, 0.9258216582993275, 0.9558668485316905, 0.901230934415906, 0.963075479662675, 0.905224702680042, 0.9322442025451717, 0.9217012233038939, 0.8729849635732064, 0.7865349213408022, 0.8757065804115532, 0.8648810003436644, 0.8490165686835107, 0.7811074578517132, 0.8122489708364808, 0.8522059192224118, 0.8110974946373954, 0.948154903486855, 0.965080535872058, 0.9587696541159664, 0.9520903727388385, 0.9337743481636884, 0.8924072078808153, 0.9521640437477752, 0.9598762616044543, 0.9002629838760684, 0.963008173606262, 0.9013993020022489, 0.9690253226941936, 0.9214239611427294, 0.9398339901174677, 0.8472708903846857, 0.9712354934237022, 0.9052584687562499, 0.931311009513024, 0.9513234215848616, 0.9531185132066154, 0.9353361608405588, 0.890524277231606, 0.9194949089080913, 0.9502359120214896, 0.9501051743062323, 0.9244499304356437, 0.93426326217609, 0.9472719115977013, 0.9170105731500707, 0.8983113079578857, 0.9486963141788629, 0.9506935164846829, 0.0, 0.0, 0.0], [0.8754566270775379, 0.7991196528357976, 0.8640002267997644, 0.9149596726669244, 0.8968663456572499, 0.9252939090206257, 0.9118010852856488, 0.864386345275747, 0.8888429085044026, 0.9402049021083496, 0.9750648104781707, 0.9381729133335948, 0.9272304707624717, 0.9165072469286271, 0.9715443141288249, 0.9582648382360428, 0.957206471543677, 0.9268857356588057, 0.9385659858131492, 0.9376255249222923, 0.9679579090700036, 0.9532556358811513, 0.9999999999999998, 0.9522193992418986, 0.9529296277615393, 0.9664336185865414, 0.9753796633629663, 0.8574714525312921, 0.8864317668227247, 0.9210250399465744, 0.9326998587157466, 0.955209140040069, 0.9743980871628979, 0.905799699838175, 0.9520122025692005, 0.9314603435764024, 0.9592205264501317, 0.9027479865746029, 0.9433564559736936, 0.9101711370760915, 0.8678699575421875, 0.9364035626902274, 0.9082378469984494, 0.8885257997939072, 0.8187427718617084, 0.8697997546910025, 0.8465308359671533, 0.8291524784816163, 0.9224426745743821, 0.9275531738232169, 0.9488311457308067, 0.946068580726362, 0.9143580798387145, 0.833071761018735, 0.8989385007429636, 0.9683797514615766, 0.9393671828972776, 0.9673268192376121, 0.9456687940600008, 0.957601838593723, 0.9464338115790732, 0.9518622062317668, 0.8818944865085865, 0.9666926601714392, 0.8945168720520794, 0.8922540534060244, 0.9309683469673902, 0.9118701109821021, 0.8964895769485841, 0.8413430476926134, 0.9015959250611778, 0.958641334939885, 0.9112770658520521, 0.8618266339779908, 0.8957594433550831, 0.950035616688071, 0.8909535422622634, 0.8610008728329442, 0.9312472086314538, 0.9532392598837517, 0.0, 0.0, 0.0], [0.8982803960142461, 0.750294940864124, 0.8252650154933752, 0.8968592895763385, 0.8990484191344182, 0.8953067017101188, 0.8752458503640486, 0.8824055338150727, 0.9195040892778648, 0.9048812324442523, 0.9570004326789643, 0.9348993865802495, 0.9304297371140584, 0.9606048976619886, 0.9434474628559257, 0.9555378761741022, 0.9402313374615243, 0.9746094581623891, 0.8649174168430128, 0.9774448775666125, 0.9470399184282727, 0.9702557023412903, 0.9522193992418986, 0.9999999999999998, 0.8943800975044629, 0.9544384169967992, 0.9190774641626032, 0.9161739892187973, 0.8839662183180079, 0.9537087515438017, 0.8496470556550155, 0.9452734431385772, 0.91849162050198, 0.9683457368983406, 0.8812294107656512, 0.9514724396479048, 0.8905674910445585, 0.9379179653419478, 0.8802757830539463, 0.8772175207996793, 0.8176120514564843, 0.8916577575640158, 0.8645220549726647, 0.8693921497531567, 0.7894771342110979, 0.8345904853849451, 0.8388849659978486, 0.8229471000924619, 0.938733795435433, 0.9664944115984414, 0.955034024429818, 0.954192000399526, 0.9069537462501074, 0.8972298954210323, 0.9492035976007056, 0.9540930461736732, 0.9145879534028226, 0.9518544558694946, 0.8672965498032584, 0.9613666282390392, 0.9107805476121134, 0.9467381454298484, 0.8570086120883433, 0.9684368028466774, 0.921372818174267, 0.93511090316029, 0.9615937218998156, 0.9522068568053698, 0.935722273511337, 0.9058601577930692, 0.8878367128733111, 0.9467280846626083, 0.9310403745600954, 0.9269060133198728, 0.9459068990296172, 0.9246716587869132, 0.9030400076872231, 0.9087644064689336, 0.9486298194694677, 0.9392107566106757, 0.0, 0.0, 0.0], [0.8532192353285928, 0.7900654660601517, 0.8661603010889125, 0.9224197125725682, 0.8936835989184839, 0.9499416592772896, 0.9366593794196407, 0.8876201594471409, 0.8981800595586972, 0.9242253436421901, 0.9165509475107444, 0.9367729770715064, 0.9254220885841438, 0.8666057695973008, 0.9429446835889053, 0.9200424514261198, 0.946144416151633, 0.8607865980537825, 0.973652188945925, 0.8726703871684296, 0.9477269521114267, 0.9076854443727421, 0.9529296277615393, 0.8943800975044629, 0.9999999999999998, 0.9130815132785821, 0.9619035783057703, 0.8022530269693138, 0.9105099535613508, 0.8519162327606498, 0.9732592943585456, 0.8971616348297808, 0.9597883968619658, 0.8321635311322111, 0.9856159027715596, 0.8703543116060485, 0.9749590714831637, 0.8548319492920973, 0.9575815877911293, 0.8608269692457834, 0.7829975585976627, 0.8406071432951833, 0.8363898330547549, 0.817601568214615, 0.7080897854868299, 0.7990949033366082, 0.7692551307477269, 0.7610194331839155, 0.8832119080942605, 0.9026733996708549, 0.9085846193269183, 0.8953146674560792, 0.9120024097730851, 0.8369235203494203, 0.858025903248643, 0.947795819755229, 0.9383169735478117, 0.9384403906284761, 0.9510479224739736, 0.9285159635724405, 0.9344671915683807, 0.9464917508852639, 0.8971103291548811, 0.9431057827080698, 0.8657165421366445, 0.861631704