<title>Section-matching criteria — compare and verify</title>
<style>
.viz-root {
  color-scheme: light;
  --surface-1:      #fcfcfb;
  --surface-page:   #f9f9f7;
  --text-primary:   #0b0b0b;
  --text-secondary: #52514e;
  --text-muted:     #898781;
  --border:         rgba(11,11,11,0.10);
  --grid:           #e1e0d9;
  --gt1: #2a78d6; --gt2: #008300; --gt3: #e87ba4; --gt4: #eda100; --gt5: #1baf7a;
  --ok: #0ca30c; --warn: #d03b3b;
}
@media (prefers-color-scheme: dark) {
  :root:where(:not([data-theme="light"])) .viz-root {
    color-scheme: dark;
    --surface-1: #1a1a19; --surface-page: #0d0d0d; --text-primary: #fff;
    --text-secondary: #c3c2b7; --text-muted: #898781; --border: rgba(255,255,255,0.10);
    --grid: #2c2c2a;
    --gt1: #3987e5; --gt2: #008300; --gt3: #d55181; --gt4: #c98500; --gt5: #199e70;
    --ok: #0ca30c; --warn: #e66767;
  }
}
:root[data-theme="dark"] .viz-root {
  color-scheme: dark;
  --surface-1: #1a1a19; --surface-page: #0d0d0d; --text-primary: #fff;
  --text-secondary: #c3c2b7; --text-muted: #898781; --border: rgba(255,255,255,0.10);
  --grid: #2c2c2a;
  --gt1: #3987e5; --gt2: #008300; --gt3: #d55181; --gt4: #c98500; --gt5: #199e70;
  --ok: #0ca30c; --warn: #e66767;
}
* { box-sizing: border-box; } body { margin: 0; }
.viz-root { background: var(--surface-page); color: var(--text-primary);
  font-family: system-ui, -apple-system, "Segoe UI", sans-serif; padding: 24px 16px 60px; }
.wrap { max-width: 1000px; margin: 0 auto; }
h1 { font-size: 19px; margin: 0 0 6px; }
.sub { color: var(--text-secondary); font-size: 13px; line-height: 1.55; max-width: 760px; margin: 0 0 22px; }
.sub b { color: var(--text-primary); }
.card { background: var(--surface-1); border: 1px solid var(--border); border-radius: 10px;
  padding: 16px; margin-bottom: 20px; }
.card-title { font-size: 14.5px; font-weight: 600; margin-bottom: 2px; }
.note { font-size: 11.5px; color: var(--text-muted); margin-bottom: 14px; }
.mtx-row { display: flex; gap: 18px; overflow-x: auto; padding-bottom: 6px; margin-bottom: 14px; }
.mtx-col { flex: 0 0 auto; }
.mtx-title { font-size: 11px; color: var(--text-secondary); margin-bottom: 4px; }
canvas { image-rendering: pixelated; border-radius: 3px; }
table { width: 100%; border-collapse: collapse; font-size: 12px; }
th, td { text-align: left; padding: 6px 8px; border-bottom: 1px solid var(--grid); white-space: nowrap; }
th { color: var(--text-muted); font-weight: 600; font-size: 10.5px; text-transform: uppercase; letter-spacing: .04em; }
.mono { font-family: ui-monospace, "SF Mono", Menlo, monospace; font-size: 11.5px; letter-spacing: 0.02em; }
.pass { color: var(--ok); font-weight: 600; }
.fail { color: var(--warn); font-weight: 600; }
.rec { background: rgba(12,163,12,0.08); }
.footer { font-size: 11px; color: var(--text-muted); margin-top: 18px; line-height: 1.6; }
</style>
<div class="viz-root"><div class="wrap">
  <h1>Section-matching criteria — compare and verify</h1>
  <p class="sub">Three candidate matching criteria, all built on the same
    Mantel-validated audio+structural similarity, tested at <b>k=3/4/5</b>
    (the "never more than 4-5 sections" rule). The recommended criterion is
    highlighted. Look for: does block0 (bars 1-8) land in the same section
    as block1 (bars 9-16)? Does the section string look musically plausible
    for a repeating form, not a new letter every few blocks?</p>
  <div id="cards"></div>
  <div class="footer">Data: <code>scratchpad/section_matching_criteria_results.json</code>,
    <code>scratchpad/dual_matrix_grain8_results.json</code> — logged
    <code>docs/known_issues.md</code> (★ STRUCTURE / SEGMENTATION, 2026-07-18).</div>
</div></div>
<script>
const DATA = {"autumn_leaves": {"n_blocks": 41, "form_sanity_note": "n_blocks=41 (~328 bars @ grain=8). Canonical AABC form = 4 sections x 8 bars = 32 bars/chorus. 328/32 = 10.25 chorus repeats -- a long recording (known 330-bar/422s duration mismatch, extended solo/vamp) reusing a SMALL section vocabulary many times, consistent with k<=5 being the musically correct target, not a forced constraint.", "audio_matrix": [[1.0, 0.789, 0.57, 0.653, 0.721, 0.775, 0.748, 0.676, 0.709, 0.708, 0.746, 0.694, 0.701, 0.672, 0.599, 0.658, 0.667, 0.765, 0.704, 0.685, 0.698, 0.666, 0.794, 0.724, 0.698, 0.687, 0.686, 0.66, 0.655, 0.791, 0.737, 0.551, 0.792, 0.599, 0.616, 0.689, 0.573, 0.677, 0.703, 0.686, 0.705], [0.789, 1.0, 0.541, 0.633, 0.595, 0.678, 0.68, 0.633, 0.655, 0.607, 0.627, 0.631, 0.665, 0.609, 0.518, 0.548, 0.576, 0.781, 0.599, 0.639, 0.646, 0.595, 0.713, 0.605, 0.631, 0.659, 0.623, 0.642, 0.57, 0.7, 0.656, 0.476, 0.655, 0.536, 0.527, 0.607, 0.583, 0.595, 0.583, 0.569, 0.573], [0.57, 0.541, 1.0, 0.598, 0.745, 0.69, 0.678, 0.675, 0.572, 0.786, 0.644, 0.679, 0.634, 0.68, 0.77, 0.697, 0.689, 0.684, 0.679, 0.717, 0.653, 0.705, 0.679, 0.761, 0.672, 0.67, 0.722, 0.585, 0.764, 0.672, 0.667, 0.706, 0.624, 0.787, 0.661, 0.626, 0.587, 0.64, 0.793, 0.732, 0.721], [0.653, 0.633, 0.598, 1.0, 0.732, 0.721, 0.71, 0.704, 0.725, 0.693, 0.752, 0.744, 0.722, 0.67, 0.639, 0.715, 0.754, 0.767, 0.685, 0.696, 0.735, 0.689, 0.726, 0.715, 0.707, 0.723, 0.763, 0.835, 0.675, 0.701, 0.723, 0.659, 0.72, 0.626, 0.701, 0.763, 0.619, 0.708, 0.718, 0.676, 0.687], [0.721, 0.595, 0.745, 0.732, 1.0, 0.818, 0.798, 0.759, 0.791, 0.906, 0.783, 0.809, 0.759, 0.819, 0.789, 0.674, 0.747, 0.809, 0.791, 0.791, 0.777, 0.792, 0.759, 0.879, 0.813, 0.786, 0.79, 0.775, 0.879, 0.774, 0.81, 0.719, 0.834, 0.814, 0.698, 0.779, 0.672, 0.798, 0.917, 0.889, 0.888], [0.775, 0.678, 0.69, 0.721, 0.818, 1.0, 0.875, 0.78, 0.773, 0.775, 0.825, 0.807, 0.798, 0.756, 0.756, 0.71, 0.763, 0.796, 0.754, 0.804, 0.809, 0.787, 0.84, 0.784, 0.794, 0.785, 0.788, 0.755, 0.742, 0.835, 0.801, 0.682, 0.801, 0.766, 0.697, 0.738, 0.624, 0.761, 0.794, 0.785, 0.785], [0.748, 0.68, 0.678, 0.71, 0.798, 0.875, 1.0, 0.772, 0.771, 0.774, 0.814, 0.828, 0.787, 0.781, 0.745, 0.701, 0.744, 0.828, 0.758, 0.821, 0.834, 0.767, 0.845, 0.778, 0.77, 0.8, 0.767, 0.76, 0.749, 0.826, 0.808, 0.665, 0.783, 0.736, 0.68, 0.738, 0.684, 0.778, 0.779, 0.78, 0.775], [0.676, 0.633, 0.675, 0.704, 0.759, 0.78, 0.772, 1.0, 0.787, 0.749, 0.794, 0.817, 0.79, 0.779, 0.739, 0.741, 0.782, 0.748, 0.735, 0.805, 0.827, 0.816, 0.779, 0.759, 0.752, 0.772, 0.783, 0.791, 0.764, 0.774, 0.764, 0.706, 0.8, 0.749, 0.687, 0.731, 0.688, 0.693, 0.77, 0.772, 0.728], [0.709, 0.655, 0.572, 0.725, 0.791, 0.773, 0.771, 0.787, 1.0, 0.762, 0.793, 0.761, 0.762, 0.789, 0.689, 0.673, 0.704, 0.757, 0.721, 0.748, 0.766, 0.741, 0.733, 0.778, 0.746, 0.778, 0.794, 0.789, 0.752, 0.748, 0.77, 0.632, 0.811, 0.701, 0.671, 0.785, 0.65, 0.747, 0.763, 0.764, 0.77], [0.708, 0.607, 0.786, 0.693, 0.906, 0.775, 0.774, 0.749, 0.762, 1.0, 0.758, 0.799, 0.72, 0.836, 0.767, 0.632, 0.731, 0.793, 0.802, 0.777, 0.749, 0.756, 0.77, 0.871, 0.802, 0.759, 0.796, 0.726, 0.911, 0.736, 0.798, 0.75, 0.776, 0.841, 0.706, 0.754, 0.686, 0.8, 0.925, 0.889, 0.867], [0.746, 0.627, 0.644, 0.752, 0.783, 0.825, 0.814, 0.794, 0.793, 0.758, 1.0, 0.82, 0.81, 0.744, 0.698, 0.695, 0.772, 0.774, 0.787, 0.802, 0.837, 0.803, 0.818, 0.812, 0.785, 0.768, 0.805, 0.789, 0.765, 0.823, 0.82, 0.663, 0.829, 0.749, 0.72, 0.792, 0.637, 0.747, 0.781, 0.764, 0.765], [0.694, 0.631, 0.679, 0.744, 0.809, 0.807, 0.828, 0.817, 0.761, 0.799, 0.82, 1.0, 0.814, 0.741, 0.735, 0.658, 0.781, 0.835, 0.834, 0.801, 0.82, 0.815, 0.761, 0.808, 0.78, 0.766, 0.771, 0.8, 0.782, 0.777, 0.786, 0.681, 0.743, 0.774, 0.692, 0.75, 0.659, 0.774, 0.802, 0.79, 0.771], [0.701, 0.665, 0.634, 0.722, 0.759, 0.798, 0.787, 0.79, 0.762, 0.72, 0.81, 0.814, 1.0, 0.727, 0.656, 0.682, 0.745, 0.796, 0.746, 0.82, 0.834, 0.795, 0.757, 0.74, 0.804, 0.81, 0.806, 0.783, 0.721, 0.799, 0.82, 0.688, 0.791, 0.733, 0.667, 0.729, 0.728, 0.679, 0.746, 0.725, 0.72], [0.672, 0.609, 0.68, 0.67, 0.819, 0.756, 0.781, 0.779, 0.789, 0.836, 0.744, 0.741, 0.727, 1.0, 0.703, 0.632, 0.677, 0.758, 0.776, 0.722, 0.746, 0.744, 0.744, 0.818, 0.744, 0.777, 0.74, 0.741, 0.825, 0.746, 0.795, 0.639, 0.812, 0.733, 0.669, 0.732, 0.668, 0.831, 0.826, 0.816, 0.822], [0.599, 0.518, 0.77, 0.639, 0.789, 0.756, 0.745, 0.739, 0.689, 0.767, 0.698, 0.735, 0.656, 0.703, 1.0, 0.705, 0.63, 0.692, 0.663, 0.778, 0.722, 0.728, 0.712, 0.798, 0.733, 0.732, 0.722, 0.699, 0.751, 0.689, 0.663, 0.764, 0.666, 0.788, 0.658, 0.61, 0.622, 0.647, 0.781, 0.766, 0.739], [0.658, 0.548, 0.697, 0.715, 0.674, 0.71, 0.701, 0.741, 0.673, 0.632, 0.695, 0.658, 0.682, 0.632, 0.705, 1.0, 0.784, 0.661, 0.621, 0.72, 0.693, 0.715, 0.679, 0.693, 0.669, 0.697, 0.699, 0.707, 0.625, 0.699, 0.686, 0.625, 0.71, 0.684, 0.707, 0.697, 0.56, 0.63, 0.671, 0.668, 0.654], [0.667, 0.576, 0.689, 0.754, 0.747, 0.763, 0.744, 0.782, 0.704, 0.731, 0.772, 0.781, 0.745, 0.677, 0.63, 0.784, 1.0, 0.747, 0.71, 0.762, 0.77, 0.746, 0.719, 0.727, 0.759, 0.723, 0.747, 0.721, 0.734, 0.756, 0.763, 0.655, 0.739, 0.709, 0.66, 0.754, 0.623, 0.699, 0.768, 0.729, 0.726], [0.765, 0.781, 0.684, 0.767, 0.809, 0.796, 0.828, 0.748, 0.757, 0.793, 0.774, 0.835, 0.796, 0.758, 0.692, 0.661, 0.747, 1.0, 0.765, 0.78, 0.809, 0.755, 0.789, 0.776, 0.805, 0.803, 0.767, 0.767, 0.771, 0.777, 0.808, 0.659, 0.758, 0.742, 0.663, 0.744, 0.74, 0.757, 0.784, 0.762, 0.77], [0.704, 0.599, 0.679, 0.685, 0.791, 0.754, 0.758, 0.735, 0.721, 0.802, 0.787, 0.834, 0.746, 0.776, 0.663, 0.621, 0.71, 0.765, 1.0, 0.692, 0.768, 0.751, 0.704, 0.827, 0.734, 0.716, 0.723, 0.7, 0.792, 0.689, 0.764, 0.602, 0.766, 0.714, 0.671, 0.748, 0.598, 0.814, 0.808, 0.8, 0.801], [0.685, 0.639, 0.717, 0.696, 0.791, 0.804, 0.821, 0.805, 0.748, 0.777, 0.802, 0.801, 0.82, 0.722, 0.778, 0.72, 0.762, 0.78, 0.692, 1.0, 0.832, 0.814, 0.788, 0.806, 0.795, 0.784, 0.78, 0.769, 0.747, 0.767, 0.762, 0.767, 0.752, 0.806, 0.658, 0.68, 0.707, 0.696, 0.785, 0.774, 0.766], [0.698, 0.646, 0.653, 0.735, 0.777, 0.809, 0.834, 0.827, 0.766, 0.749, 0.837, 0.82, 0.834, 0.746, 0.722, 0.693, 0.77, 0.809, 0.768, 0.832, 1.0, 0.813, 0.806, 0.792, 0.787, 0.812, 0.821, 0.792, 0.731, 0.812, 0.796, 0.734, 0.799, 0.723, 0.685, 0.71, 0.717, 0.714, 0.762, 0.787, 0.733], [0.666, 0.595, 0.705, 0.689, 0.792, 0.787, 0.767, 0.816, 0.741, 0.756, 0.803, 0.815, 0.795, 0.744, 0.728, 0.715, 0.746, 0.755, 0.751, 0.814, 0.813, 1.0, 0.745, 0.793, 0.772, 0.767, 0.764, 0.757, 0.788, 0.771, 0.758, 0.709, 0.778, 0.753, 0.66, 0.71, 0.653, 0.717, 0.79, 0.781, 0.751], [0.794, 0.713, 0.679, 0.726, 0.759, 0.84, 0.845, 0.779, 0.733, 0.77, 0.818, 0.761, 0.757, 0.744, 0.712, 0.679, 0.719, 0.789, 0.704, 0.788, 0.806, 0.745, 1.0, 0.738, 0.752, 0.787, 0.773, 0.735, 0.71, 0.827, 0.776, 0.668, 0.789, 0.717, 0.703, 0.72, 0.649, 0.736, 0.747, 0.751, 0.766], [0.724, 0.605, 0.761, 0.715, 0.879, 0.784, 0.778, 0.759, 0.778, 0.871, 0.812, 0.808, 0.74, 0.818, 0.798, 0.693, 0.727, 0.776, 0.827, 0.806, 0.792, 0.793, 0.738, 1.0, 0.789, 0.76, 0.784, 0.75, 0.849, 0.742, 0.785, 0.712, 0.815, 0.805, 0.685, 0.742, 0.648, 0.788, 0.876, 0.85, 0.868], [0.698, 0.631, 0.672, 0.707, 0.813, 0.794, 0.77, 0.752, 0.746, 0.802, 0.785, 0.78, 0.804, 0.744, 0.733, 0.669, 0.759, 0.805, 0.734, 0.795, 0.787, 0.772, 0.752, 0.789, 1.0, 0.845, 0.763, 0.738, 0.789, 0.741, 0.793, 0.697, 0.746, 0.764, 0.667, 0.716, 0.723, 0.683, 0.801, 0.752, 0.777], [0.687, 0.659, 0.67, 0.723, 0.786, 0.785, 0.8, 0.772, 0.778, 0.759, 0.768, 0.766, 0.81, 0.777, 0.732, 0.697, 0.723, 0.803, 0.716, 0.784, 0.812, 0.767, 0.787, 0.76, 0.845, 1.0, 0.795, 0.761, 0.749, 0.772, 0.764, 0.699, 0.755, 0.712, 0.654, 0.709, 0.744, 0.726, 0.768, 0.748, 0.752], [0.686, 0.623, 0.722, 0.763, 0.79, 0.788, 0.767, 0.783, 0.794, 0.796, 0.805, 0.771, 0.806, 0.74, 0.722, 0.699, 0.747, 0.767, 0.723, 0.78, 0.821, 0.764, 0.773, 0.784, 0.763, 0.795, 1.0, 0.763, 0.742, 0.768, 0.773, 0.771, 0.779, 0.769, 0.744, 0.737, 0.624, 0.687, 0.798, 0.747, 0.715], [0.66, 0.642, 0.585, 0.835, 0.775, 0.755, 0.76, 0.791, 0.789, 0.726, 0.789, 0.8, 0.783, 0.741, 0.699, 0.707, 0.721, 0.767, 0.7, 0.769, 0.792, 0.757, 0.735, 0.75, 0.738, 0.761, 0.763, 1.0, 0.733, 0.765, 0.77, 0.686, 0.754, 0.674, 0.728, 0.782, 0.644, 0.743, 0.748, 0.723, 0.727], [0.655, 0.57, 0.764, 0.675, 0.879, 0.742, 0.749, 0.764, 0.752, 0.911, 0.765, 0.782, 0.721, 0.825, 0.751, 0.625, 0.734, 0.771, 0.792, 0.747, 0.731, 0.788, 0.71, 0.849, 0.789, 0.749, 0.742, 0.733, 1.0, 0.717, 0.821, 0.708, 0.779, 0.815, 0.671, 0.762, 0.688, 0.778, 0.889, 0.852, 0.822], [0.791, 0.7, 0.672, 0.701, 0.774, 0.835, 0.826, 0.774, 0.748, 0.736, 0.823, 0.777, 0.799, 0.746, 0.689, 0.699, 0.756, 0.777, 0.689, 0.767, 0.812, 0.771, 0.827, 0.742, 0.741, 0.772, 0.768, 0.765, 0.717, 1.0, 0.815, 0.692, 0.802, 0.69, 0.671, 0.696, 0.664, 0.713, 0.757, 0.732, 0.705], [0.737, 0.656, 0.667, 0.723, 0.81, 0.801, 0.808, 0.764, 0.77, 0.798, 0.82, 0.786, 0.82, 0.795, 0.663, 0.686, 0.763, 0.808, 0.764, 0.762, 0.796, 0.758, 0.776, 0.785, 0.793, 0.764, 0.773, 0.77, 0.821, 0.815, 1.0, 0.659, 0.817, 0.745, 0.681, 0.772, 0.663, 0.773, 0.792, 0.785, 0.769], [0.551, 0.476, 0.706, 0.659, 0.719, 0.682, 0.665, 0.706, 0.632, 0.75, 0.663, 0.681, 0.688, 0.639, 0.764, 0.625, 0.655, 0.659, 0.602, 0.767, 0.734, 0.709, 0.668, 0.712, 0.697, 0.699, 0.771, 0.686, 0.708, 0.692, 0.659, 1.0, 0.629, 0.697, 0.624, 0.62, 0.689, 0.597, 0.765, 0.712, 0.651], [0.792, 0.655, 0.624, 0.72, 0.834, 0.801, 0.783, 0.8, 0.811, 0.776, 0.829, 0.743, 0.791, 0.812, 0.666, 0.71, 0.739, 0.758, 0.766, 0.752, 0.799, 0.778, 0.789, 0.815, 0.746, 0.755, 0.779, 0.754, 0.779, 0.802, 0.817, 0.629, 1.0, 0.674, 0.655, 0.782, 0.62, 0.759, 0.803, 0.792, 0.781], [0.599, 0.536, 0.787, 0.626, 0.814, 0.766, 0.736, 0.749, 0.701, 0.841, 0.749, 0.774, 0.733, 0.733, 0.788, 0.684, 0.709, 0.742, 0.714, 0.806, 0.723, 0.753, 0.717, 0.805, 0.764, 0.712, 0.769, 0.674, 0.815, 0.69, 0.745, 0.697, 0.674, 1.0, 0.722, 0.675, 0.661, 0.697, 0.805, 0.819, 0.809], [0.616, 0.527, 0.661, 0.701, 0.698, 0.697, 0.68, 0.687, 0.671, 0.706, 0.72, 0.692, 0.667, 0.669, 0.658, 0.707, 0.66, 0.663, 0.671, 0.658, 0.685, 0.66, 0.703, 0.685, 0.667, 0.654, 0.744, 0.728, 0.671, 0.671, 0.681, 0.624, 0.655, 0.722, 1.0, 0.771, 0.547, 0.65, 0.679, 0.695, 0.66], [0.689, 0.607, 0.626, 0.763, 0.779, 0.738, 0.738, 0.731, 0.785, 0.754, 0.792, 0.75, 0.729, 0.732, 0.61, 0.697, 0.754, 0.744, 0.748, 0.68, 0.71, 0.71, 0.72, 0.742, 0.716, 0.709, 0.737, 0.782, 0.762, 0.696, 0.772, 0.62, 0.782, 0.675, 0.771, 1.0, 0.598, 0.723, 0.766, 0.75, 0.757], [0.573, 0.583, 0.587, 0.619, 0.672, 0.624, 0.684, 0.688, 0.65, 0.686, 0.637, 0.659, 0.728, 0.668, 0.622, 0.56, 0.623, 0.74, 0.598, 0.707, 0.717, 0.653, 0.649, 0.648, 0.723, 0.744, 0.624, 0.644, 0.688, 0.664, 0.663, 0.689, 0.62, 0.661, 0.547, 0.598, 1.0, 0.576, 0.674, 0.645, 0.644], [0.677, 0.595, 0.64, 0.708, 0.798, 0.761, 0.778, 0.693, 0.747, 0.8, 0.747, 0.774, 0.679, 0.831, 0.647, 0.63, 0.699, 0.757, 0.814, 0.696, 0.714, 0.717, 0.736, 0.788, 0.683, 0.726, 0.687, 0.743, 0.778, 0.713, 0.773, 0.597, 0.759, 0.697, 0.65, 0.723, 0.576, 1.0, 0.803, 0.796, 0.834], [0.703, 0.583, 0.793, 0.718, 0.917, 0.794, 0.779, 0.77, 0.763, 0.925, 0.781, 0.802, 0.746, 0.826, 0.781, 0.671, 0.768, 0.784, 0.808, 0.785, 0.762, 0.79, 0.747, 0.876, 0.801, 0.768, 0.798, 0.748, 0.889, 0.757, 0.792, 0.765, 0.803, 0.805, 0.679, 0.766, 0.674, 0.803, 1.0, 0.909, 0.893], [0.686, 0.569, 0.732, 0.676, 0.889, 0.785, 0.78, 0.772, 0.764, 0.889, 0.764, 0.79, 0.725, 0.816, 0.766, 0.668, 0.729, 0.762, 0.8, 0.774, 0.787, 0.781, 0.751, 0.85, 0.752, 0.748, 0.747, 0.723, 0.852, 0.732, 0.785, 0.712, 0.792, 0.819, 0.695, 0.75, 0.645, 0.796, 0.909, 1.0, 0.901], [0.705, 0.573, 0.721, 0.687, 0.888, 0.785, 0.775, 0.728, 0.77, 0.867, 0.765, 0.771, 0.72, 0.822, 0.739, 0.654, 0.726, 0.77, 0.801, 0.766, 0.733, 0.751, 0.766, 0.868, 0.777, 0.752, 0.715, 0.727, 0.822, 0.705, 0.769, 0.651, 0.781, 0.809, 0.66, 0.757, 0.644, 0.834, 0.893, 0.901, 1.0]], "symbolic_matrix": [[1.0, 0.4, 0.333, 0.222, 0.536, 0.444, 0.308, 0.25, 0.255, 0.449, 0.322, 0.364, 0.25, 0.296, 0.277, 0.436, 0.148, 0.314, 0.327, 0.453, 0.491, 0.519, 0.377, 0.296, 0.218, 0.34, 0.296, 0.143, 0.553, 0.519, 0.509, 0.296, 0.436, 0.462, 0.259, 0.148, 0.346, 0.387, 0.38, 0.518, 0.436], [0.4, 1.0, 0.436, 0.218, 0.316, 0.218, 0.302, 0.246, 0.179, 0.238, 0.246, 0.143, 0.316, 0.291, 0.373, 0.429, 0.255, 0.27, 0.143, 0.296, 0.222, 0.364, 0.148, 0.255, 0.214, 0.445, 0.145, 0.211, 0.17, 0.436, 0.143, 0.182, 0.357, 0.227, 0.182, 0.182, 0.238, 0.518, 0.17, 0.339, 0.143], [0.333, 0.436, 1.0, 0.333, 0.465, 0.222, 0.577, 0.429, 0.327, 0.484, 0.393, 0.182, 0.286, 0.333, 0.484, 0.509, 0.259, 0.275, 0.182, 0.377, 0.189, 0.296, 0.415, 0.296, 0.364, 0.415, 0.481, 0.179, 0.484, 0.37, 0.364, 0.37, 0.436, 0.231, 0.222, 0.148, 0.588, 0.281, 0.415, 0.553, 0.509], [0.222, 0.218, 0.333, 1.0, 0.465, 0.259, 0.385, 0.715, 0.4, 0.518, 0.357, 0.436, 0.179, 0.333, 0.415, 0.473, 0.556, 0.314, 0.473, 0.264, 0.302, 0.333, 0.415, 0.481, 0.327, 0.151, 0.519, 0.465, 0.207, 0.222, 0.4, 0.222, 0.546, 0.231, 0.185, 0.444, 0.449, 0.281, 0.588, 0.415, 0.327], [0.536, 0.316, 0.465, 0.465, 1.0, 0.179, 0.223, 0.448, 0.281, 0.767, 0.241, 0.561, 0.207, 0.393, 0.6, 0.421, 0.393, 0.227, 0.597, 0.51, 0.401, 0.5, 0.291, 0.5, 0.316, 0.182, 0.715, 0.276, 0.6, 0.322, 0.526, 0.572, 0.421, 0.557, 0.322, 0.322, 0.567, 0.373, 0.7, 0.734, 0.456], [0.444, 0.218, 0.222, 0.259, 0.179, 1.0, 0.346, 0.179, 0.218, 0.207, 0.465, 0.291, 0.214, 0.259, 0.173, 0.255, 0.222, 0.314, 0.291, 0.453, 0.453, 0.333, 0.302, 0.148, 0.4, 0.377, 0.148, 0.5, 0.346, 0.37, 0.291, 0.259, 0.073, 0.308, 0.37, 0.296, 0.277, 0.246, 0.242, 0.242, 0.218], [0.308, 0.302, 0.577, 0.385, 0.223, 0.346, 1.0, 0.297, 0.378, 0.251, 0.297, 0.151, 0.186, 0.423, 0.251, 0.529, 0.346, 0.286, 0.227, 0.275, 0.118, 0.308, 0.667, 0.231, 0.265, 0.392, 0.231, 0.223, 0.323, 0.385, 0.378, 0.154, 0.416, 0.12, 0.192, 0.308, 0.323, 0.329, 0.216, 0.251, 0.567], [0.25, 0.246, 0.429, 0.715, 0.448, 0.179, 0.297, 1.0, 0.316, 0.467, 0.379, 0.456, 0.241, 0.322, 0.467, 0.386, 0.5, 0.265, 0.281, 0.291, 0.255, 0.393, 0.364, 0.5, 0.281, 0.219, 0.608, 0.379, 0.3, 0.286, 0.211, 0.5, 0.491, 0.371, 0.214, 0.357, 0.5, 0.305, 0.467, 0.4, 0.351], [0.255, 0.179, 0.327, 0.4, 0.281, 0.218, 0.378, 0.316, 1.0, 0.238, 0.316, 0.214, 0.281, 0.182, 0.17, 0.25, 0.4, 0.27, 0.286, 0.185, 0.222, 0.182, 0.296, 0.364, 0.393, 0.222, 0.255, 0.281, 0.373, 0.218, 0.5, 0.182, 0.536, 0.265, 0.364, 0.4, 0.204, 0.207, 0.339, 0.272, 0.393], [0.449, 0.238, 0.484, 0.518, 0.767, 0.207, 0.251, 0.467, 0.238, 1.0, 0.3, 0.577, 0.167, 0.449, 0.645, 0.441, 0.38, 0.33, 0.577, 0.493, 0.317, 0.518, 0.387, 0.484, 0.272, 0.247, 0.795, 0.334, 0.581, 0.346, 0.475, 0.518, 0.441, 0.503, 0.311, 0.242, 0.742, 0.328, 0.839, 0.839, 0.543], [0.322, 0.246, 0.393, 0.357, 0.241, 0.465, 0.297, 0.379, 0.316, 0.3, 1.0, 0.561, 0.241, 0.25, 0.3, 0.316, 0.286, 0.417, 0.211, 0.364, 0.401, 0.393, 0.473, 0.25, 0.386, 0.364, 0.286, 0.483, 0.3, 0.393, 0.316, 0.286, 0.211, 0.297, 0.357, 0.286, 0.334, 0.407, 0.367, 0.434, 0.386], [0.364, 0.143, 0.182, 0.436, 0.561, 0.291, 0.151, 0.456, 0.214, 0.577, 0.561, 1.0, 0.281, 0.255, 0.475, 0.321, 0.436, 0.463, 0.393, 0.556, 0.482, 0.582, 0.334, 0.4, 0.357, 0.259, 0.509, 0.491, 0.339, 0.4, 0.393, 0.509, 0.179, 0.491, 0.4, 0.4, 0.441, 0.414, 0.611, 0.509, 0.357], [0.25, 0.316, 0.286, 0.179, 0.207, 0.214, 0.186, 0.241, 0.281, 0.167, 0.241, 0.281, 1.0, 0.286, 0.3, 0.246, 0.357, 0.455, 0.281, 0.219, 0.364, 0.214, 0.146, 0.465, 0.491, 0.364, 0.214, 0.241, 0.3, 0.25, 0.281, 0.393, 0.07, 0.186, 0.25, 0.429, 0.3, 0.17, 0.233, 0.133, 0.175], [0.296, 0.291, 0.333, 0.333, 0.393, 0.259, 0.423, 0.322, 0.182, 0.449, 0.25, 0.255, 0.286, 1.0, 0.449, 0.291, 0.333, 0.196, 0.618, 0.415, 0.226, 0.37, 0.528, 0.444, 0.364, 0.377, 0.481, 0.286, 0.484, 0.333, 0.364, 0.407, 0.436, 0.423, 0.259, 0.407, 0.415, 0.281, 0.484, 0.415, 0.582], [0.277, 0.373, 0.484, 0.415, 0.6, 0.173, 0.251, 0.467, 0.17, 0.645, 0.3, 0.475, 0.3, 0.449, 1.0, 0.238, 0.242, 0.257, 0.407, 0.423, 0.317, 0.518, 0.247, 0.415, 0.272, 0.352, 0.691, 0.4, 0.387, 0.484, 0.204, 0.622, 0.305, 0.395, 0.38, 0.311, 0.581, 0.262, 0.548, 0.581, 0.441], [0.436, 0.429, 0.509, 0.473, 0.421, 0.255, 0.529, 0.386, 0.25, 0.441, 0.316, 0.321, 0.246, 0.291, 0.238, 1.0, 0.473, 0.463, 0.286, 0.408, 0.296, 0.509, 0.371, 0.436, 0.321, 0.296, 0.364, 0.211, 0.305, 0.436, 0.393, 0.218, 0.464, 0.378, 0.109, 0.255, 0.543, 0.518, 0.407, 0.543, 0.393], [0.148, 0.255, 0.259, 0.556, 0.393, 0.222, 0.346, 0.5, 0.4, 0.38, 0.286, 0.436, 0.357, 0.333, 0.242, 0.473, 1.0, 0.589, 0.509, 0.226, 0.377, 0.185, 0.302, 0.407, 0.546, 0.264, 0.407, 0.429, 0.242, 0.37, 0.327, 0.259, 0.4, 0.269, 0.148, 0.704, 0.346, 0.351, 0.553, 0.277, 0.364], [0.314, 0.27, 0.275, 0.314, 0.227, 0.314, 0.286, 0.265, 0.27, 0.33, 0.417, 0.463, 0.455, 0.196, 0.257, 0.463, 0.589, 1.0, 0.309, 0.44, 0.44, 0.236, 0.32, 0.354, 0.424, 0.36, 0.236, 0.341, 0.22, 0.511, 0.309, 0.196, 0.193, 0.367, 0.275, 0.511, 0.367, 0.41, 0.44, 0.293, 0.424], [0.327, 0.143, 0.182, 0.473, 0.597, 0.291, 0.227, 0.281, 0.286, 0.577, 0.211, 0.393, 0.281, 0.618, 0.407, 0.286, 0.509, 0.309, 1.0, 0.259, 0.296, 0.327, 0.296, 0.436, 0.536, 0.222, 0.509, 0.351, 0.543, 0.182, 0.536, 0.364, 0.357, 0.34, 0.327, 0.582, 0.373, 0.242, 0.747, 0.475, 0.429], [0.453, 0.296, 0.377, 0.264, 0.51, 0.453, 0.275, 0.291, 0.185, 0.493, 0.364, 0.556, 0.219, 0.415, 0.423, 0.408, 0.226, 0.44, 0.259, 1.0, 0.5, 0.453, 0.346, 0.302, 0.259, 0.346, 0.491, 0.219, 0.317, 0.491, 0.334, 0.415, 0.222, 0.667, 0.34, 0.151, 0.564, 0.394, 0.458, 0.528, 0.371], [0.491, 0.222, 0.189, 0.302, 0.401, 0.453, 0.118, 0.255, 0.222, 0.317, 0.401, 0.482, 0.364, 0.226, 0.317, 0.296, 0.377, 0.44, 0.296, 0.5, 1.0, 0.34, 0.154, 0.226, 0.408, 0.269, 0.302, 0.291, 0.247, 0.34, 0.185, 0.302, 0.259, 0.431, 0.226, 0.377, 0.352, 0.215, 0.387, 0.282, 0.185], [0.519, 0.364, 0.296, 0.333, 0.5, 0.333, 0.308, 0.393, 0.182, 0.518, 0.393, 0.582, 0.214, 0.37, 0.518, 0.509, 0.185, 0.236, 0.327, 0.453, 0.34, 1.0, 0.302, 0.444, 0.327, 0.302, 0.407, 0.286, 0.484, 0.481, 0.327, 0.444, 0.291, 0.5, 0.296, 0.148, 0.518, 0.351, 0.449, 0.622, 0.327], [0.377, 0.148, 0.415, 0.415, 0.291, 0.302, 0.667, 0.364, 0.296, 0.387, 0.473, 0.334, 0.146, 0.528, 0.247, 0.371, 0.302, 0.32, 0.296, 0.346, 0.154, 0.302, 1.0, 0.264, 0.185, 0.346, 0.415, 0.291, 0.423, 0.415, 0.519, 0.226, 0.445, 0.275, 0.302, 0.302, 0.387, 0.43, 0.352, 0.387, 0.741], [0.296, 0.255, 0.296, 0.481, 0.5, 0.148, 0.231, 0.5, 0.364, 0.484, 0.25, 0.4, 0.465, 0.444, 0.415, 0.436, 0.407, 0.354, 0.436, 0.302, 0.226, 0.444, 0.264, 1.0, 0.473, 0.302, 0.481, 0.214, 0.484, 0.296, 0.364, 0.556, 0.364, 0.423, 0.222, 0.444, 0.484, 0.387, 0.38, 0.449, 0.4], [0.218, 0.214, 0.364, 0.327, 0.316, 0.4, 0.265, 0.281, 0.393, 0.272, 0.386, 0.357, 0.491, 0.364, 0.272, 0.321, 0.546, 0.424, 0.536, 0.259, 0.408, 0.327, 0.185, 0.473, 1.0, 0.445, 0.218, 0.281, 0.509, 0.364, 0.393, 0.364, 0.286, 0.302, 0.218, 0.546, 0.373, 0.207, 0.407, 0.272, 0.286], [0.34, 0.445, 0.415, 0.151, 0.182, 0.377, 0.392, 0.219, 0.222, 0.247, 0.364, 0.259, 0.364, 0.377, 0.352, 0.296, 0.264, 0.36, 0.222, 0.346, 0.269, 0.302, 0.346, 0.302, 0.445, 1.0, 0.189, 0.364, 0.282, 0.453, 0.148, 0.264, 0.334, 0.235, 0.34, 0.377, 0.282, 0.358, 0.176, 0.317, 0.371], [0.296, 0.145, 0.481, 0.519, 0.715, 0.148, 0.231, 0.608, 0.255, 0.795, 0.286, 0.509, 0.214, 0.481, 0.691, 0.364, 0.407, 0.236, 0.509, 0.491, 0.302, 0.407, 0.415, 0.481, 0.218, 0.189, 1.0, 0.357, 0.449, 0.333, 0.4, 0.63, 0.436, 0.5, 0.333, 0.296, 0.657, 0.351, 0.726, 0.726, 0.546], [0.143, 0.211, 0.179, 0.465, 0.276, 0.5, 0.223, 0.379, 0.281, 0.334, 0.483, 0.491, 0.241, 0.286, 0.4, 0.211, 0.429, 0.341, 0.351, 0.219, 0.291, 0.286, 0.291, 0.214, 0.281, 0.364, 0.357, 1.0, 0.167, 0.143, 0.246, 0.286, 0.211, 0.334, 0.393, 0.5, 0.267, 0.339, 0.434, 0.3, 0.281], [0.553, 0.17, 0.484, 0.207, 0.6, 0.346, 0.323, 0.3, 0.373, 0.581, 0.3, 0.339, 0.3, 0.484, 0.387, 0.305, 0.242, 0.22, 0.543, 0.317, 0.247, 0.484, 0.423, 0.484, 0.509, 0.282, 0.449, 0.167, 1.0, 0.346, 0.577, 0.622, 0.441, 0.395, 0.38, 0.346, 0.484, 0.262, 0.581, 0.613, 0.577], [0.519, 0.436, 0.37, 0.222, 0.322, 0.37, 0.385, 0.286, 0.218, 0.346, 0.393, 0.4, 0.25, 0.333, 0.484, 0.436, 0.37, 0.511, 0.182, 0.491, 0.34, 0.481, 0.415, 0.296, 0.364, 0.453, 0.333, 0.143, 0.346, 1.0, 0.255, 0.37, 0.291, 0.346, 0.259, 0.296, 0.449, 0.457, 0.277, 0.415, 0.473], [0.509, 0.143, 0.364, 0.4, 0.526, 0.291, 0.378, 0.211, 0.5, 0.475, 0.316, 0.393, 0.281, 0.364, 0.204, 0.393, 0.327, 0.309, 0.536, 0.334, 0.185, 0.327, 0.519, 0.364, 0.393, 0.148, 0.4, 0.246, 0.577, 0.255, 1.0, 0.182, 0.429, 0.302, 0.327, 0.255, 0.373, 0.276, 0.577, 0.509, 0.607], [0.296, 0.182, 0.37, 0.222, 0.572, 0.259, 0.154, 0.5, 0.182, 0.518, 0.286, 0.509, 0.393, 0.407, 0.622, 0.218, 0.259, 0.196, 0.364, 0.415, 0.302, 0.444, 0.226, 0.556, 0.364, 0.264, 0.63, 0.286, 0.622, 0.37, 0.182, 1.0, 0.218, 0.5, 0.444, 0.444, 0.449, 0.387, 0.415, 0.484, 0.327], [0.436, 0.357, 0.436, 0.546, 0.421, 0.073, 0.416, 0.491, 0.536, 0.441, 0.211, 0.179, 0.07, 0.436, 0.305, 0.464, 0.4, 0.193, 0.357, 0.222, 0.259, 0.291, 0.445, 0.364, 0.286, 0.334, 0.436, 0.211, 0.441, 0.291, 0.429, 0.218, 1.0, 0.34, 0.182, 0.364, 0.373, 0.414, 0.475, 0.441, 0.536], [0.462, 0.227, 0.231, 0.231, 0.557, 0.308, 0.12, 0.371, 0.265, 0.503, 0.297, 0.491, 0.186, 0.423, 0.395, 0.378, 0.269, 0.367, 0.34, 0.667, 0.431, 0.5, 0.275, 0.423, 0.302, 0.235, 0.5, 0.334, 0.395, 0.346, 0.302, 0.5, 0.34, 1.0, 0.423, 0.231, 0.539, 0.438, 0.467, 0.503, 0.378], [0.259, 0.182, 0.222, 0.185, 0.322, 0.37, 0.192, 0.214, 0.364, 0.311, 0.357, 0.4, 0.25, 0.259, 0.38, 0.109, 0.148, 0.275, 0.327, 0.34, 0.226, 0.296, 0.302, 0.222, 0.218, 0.34, 0.333, 0.393, 0.38, 0.259, 0.327, 0.444, 0.182, 0.423, 1.0, 0.444, 0.207, 0.281, 0.346, 0.311, 0.327], [0.148, 0.182, 0.148, 0.444, 0.322, 0.296, 0.308, 0.357, 0.4, 0.242, 0.286, 0.4, 0.429, 0.407, 0.311, 0.255, 0.704, 0.511, 0.582, 0.151, 0.377, 0.148, 0.302, 0.444, 0.546, 0.377, 0.296, 0.5, 0.346, 0.296, 0.255, 0.444, 0.364, 0.231, 0.444, 1.0, 0.138, 0.387, 0.415, 0.138, 0.364], [0.346, 0.238, 0.588, 0.449, 0.567, 0.277, 0.323, 0.5, 0.204, 0.742, 0.334, 0.441, 0.3, 0.415, 0.581, 0.543, 0.346, 0.367, 0.373, 0.564, 0.352, 0.518, 0.387, 0.484, 0.373, 0.282, 0.657, 0.267, 0.484, 0.449, 0.373, 0.449, 0.373, 0.539, 0.207, 0.138, 1.0, 0.295, 0.645, 0.677, 0.475], [0.387, 0.518, 0.281, 0.281, 0.373, 0.246, 0.329, 0.305, 0.207, 0.328, 0.407, 0.414, 0.17, 0.281, 0.262, 0.518, 0.351, 0.41, 0.242, 0.394, 0.215, 0.351, 0.43, 0.387, 0.207, 0.358, 0.351, 0.339, 0.262, 0.457, 0.276, 0.387, 0.414, 0.438, 0.281, 0.387, 0.295, 1.0, 0.262, 0.459, 0.414], [0.38, 0.17, 0.415, 0.588, 0.7, 0.242, 0.216, 0.467, 0.339, 0.839, 0.367, 0.611, 0.233, 0.484, 0.548, 0.407, 0.553, 0.44, 0.747, 0.458, 0.387, 0.449, 0.352, 0.38, 0.407, 0.176, 0.726, 0.434, 0.581, 0.277, 0.577, 0.415, 0.475, 0.467, 0.346, 0.415, 0.645, 0.262, 1.0, 0.742, 0.543], [0.518, 0.339, 0.553, 0.415, 0.734, 0.242, 0.251, 0.4, 0.272, 0.839, 0.434, 0.509, 0.133, 0.415, 0.581, 0.543, 0.277, 0.293, 0.475, 0.528, 0.282, 0.622, 0.387, 0.449, 0.272, 0.317, 0.726, 0.3, 0.613, 0.415, 0.509, 0.484, 0.441, 0.503, 0.311, 0.138, 0.677, 0.459, 0.742, 1.0, 0.577], [0.436, 0.143, 0.509, 0.327, 0.456, 0.218, 0.567, 0.351, 0.393, 0.543, 0.386, 0.357, 0.175, 0.582, 0.441, 0.393, 0.364, 0.424, 0.429, 0.371, 0.185, 0.327, 0.741, 0.4, 0.286, 0.371, 0.546, 0.281, 0.577, 0.473, 0.607, 0.327, 0.536, 0.378, 0.327, 0.364, 0.475, 0.414, 0.543, 0.577, 1.0]], "candidates": {"blend_0.6_0.4": {"3": {"section_string": "AAABBBBBBBBCBBCABBBCBCBBBBCBBABCBCBBCBBBB", "n_distinct": 3, "passes_rule": true, "block0_eq_block1": true}, "4": {"section_string": "AAABCBCBBCBDBCDABBCDBDCCBBDBCACDBDCBDCCCC", "n_distinct": 4, "passes_rule": true, "block0_eq_block1": true}, "5": {"section_string": "AABCDCDCCDCECDEBCCDECEDDCCECDADECEDCEDDDD", "n_distinct": 5, "passes_rule": true, "block0_eq_block1": true}}, "symbolic_primary_audio_gate": {"3": {"section_string": "AAAAAAAAAAAAAAAAAAAAAAAAAAAAAAAAAAAAAAAAA", "n_distinct": 1, "passes_rule": true, "block0_eq_block1": true}, "4": {"section_string": "AAAAAAAAAAAAAAAAAAAAAAAAAAAAAAAAAAAAAAAAA", "n_distinct": 1, "passes_rule": true, "block0_eq_block1": true}, "5": {"section_string": "AAAAAAAAAAAAAAAAAAAAAAAAAAAAAAAAAAAAAAAAA", "n_distinct": 1, "passes_rule": true, "block0_eq_block1": true}}, "mutual_topK_rank_bonus": {"3": {"section_string": "AAABBBBBBBBCBBCABBBCBCBBBBCBBABCBCBBCBBBB", "n_distinct": 3, "passes_rule": true, "block0_eq_block1": true}, "4": {"section_string": "AAABCBCBBCBDBCDABBCDBDCCBBDBCACDBDCBDCCCC", "n_distinct": 4, "passes_rule": true, "block0_eq_block1": true}, "5": {"section_string": "AABCDCDCCDCECDEBCCDECEDDCCECDADECEDCEDDDD", "n_distinct": 5, "passes_rule": true, "block0_eq_block1": true}}}}, "abba_chiquitita_official_lyric_video": {"n_blocks": 29, "form_sanity_note": "n_blocks=29 (~232 bars). Pop verse/chorus/bridge/intro/outro vocabulary is canonically <=5 distinct section types even with many repeats.", "audio_matrix": [[1.0, 0.709, 0.752, 0.723, 0.597, 0.712, 0.711, 0.714, 0.631, 0.695, 0.677, 0.716, 0.698, 0.701, 0.668, 0.725, 0.675, 0.694, 0.669, 0.712, 0.692, 0.677, 0.672, 0.672, 0.652, 0.547, 0.62, 0.606, 0.441], [0.709, 1.0, 0.717, 0.659, 0.543, 0.595, 0.539, 0.645, 0.605, 0.652, 0.655, 0.693, 0.639, 0.639, 0.566, 0.586, 0.578, 0.577, 0.614, 0.697, 0.658, 0.691, 0.634, 0.633, 0.616, 0.664, 0.664, 0.671, 0.556], [0.752, 0.717, 1.0, 0.549, 0.699, 0.519, 0.784, 0.546, 0.702, 0.521, 0.65, 0.614, 0.579, 0.589, 0.52, 0.698, 0.557, 0.622, 0.554, 0.603, 0.688, 0.573, 0.694, 0.72, 0.705, 0.553, 0.529, 0.522, 0.327], [0.723, 0.659, 0.549, 1.0, 0.53, 0.896, 0.651, 0.943, 0.625, 0.762, 0.765, 0.739, 0.748, 0.735, 0.849, 0.712, 0.839, 0.631, 0.771, 0.789, 0.728, 0.794, 0.735, 0.738, 0.653, 0.709, 0.773, 0.774, 0.456], [0.597, 0.543, 0.699, 0.53, 1.0, 0.533, 0.746, 0.562, 0.926, 0.546, 0.61, 0.576, 0.534, 0.566, 0.543, 0.616, 0.558, 0.676, 0.5, 0.541, 0.554, 0.499, 0.527, 0.572, 0.584, 0.493, 0.483, 0.495, 0.239], [0.712, 0.595, 0.519, 0.896, 0.533, 1.0, 0.653, 0.95, 0.613, 0.842, 0.729, 0.779, 0.711, 0.695, 0.891, 0.692, 0.87, 0.667, 0.795, 0.789, 0.753, 0.783, 0.704, 0.724, 0.62, 0.682, 0.765, 0.758, 0.411], [0.711, 0.539, 0.784, 0.651, 0.746, 0.653, 1.0, 0.672, 0.737, 0.632, 0.746, 0.694, 0.646, 0.658, 0.669, 0.787, 0.711, 0.638, 0.668, 0.658, 0.724, 0.608, 0.719, 0.759, 0.751, 0.51, 0.55, 0.559, 0.244], [0.714, 0.645, 0.546, 0.943, 0.562, 0.95, 0.672, 1.0, 0.648, 0.83, 0.764, 0.789, 0.743, 0.721, 0.882, 0.699, 0.875, 0.655, 0.797, 0.776, 0.747, 0.796, 0.714, 0.734, 0.654, 0.708, 0.787, 0.79, 0.428], [0.631, 0.605, 0.702, 0.625, 0.926, 0.613, 0.737, 0.648, 1.0, 0.605, 0.731, 0.641, 0.597, 0.616, 0.593, 0.644, 0.619, 0.749, 0.574, 0.652, 0.6, 0.595, 0.604, 0.631, 0.59, 0.542, 0.563, 0.568, 0.286], [0.695, 0.652, 0.521, 0.762, 0.546, 0.842, 0.632, 0.83, 0.605, 1.0, 0.727, 0.902, 0.697, 0.703, 0.764, 0.632, 0.765, 0.632, 0.812, 0.703, 0.726, 0.642, 0.605, 0.649, 0.581, 0.594, 0.654, 0.66, 0.436], [0.677, 0.655, 0.65, 0.765, 0.61, 0.729, 0.746, 0.764, 0.731, 0.727, 1.0, 0.792, 0.834, 0.785, 0.679, 0.78, 0.719, 0.688, 0.689, 0.796, 0.708, 0.756, 0.766, 0.773, 0.651, 0.574, 0.65, 0.656, 0.395], [0.716, 0.693, 0.614, 0.739, 0.576, 0.779, 0.694, 0.789, 0.641, 0.902, 0.792, 1.0, 0.77, 0.738, 0.739, 0.681, 0.756, 0.674, 0.818, 0.743, 0.819, 0.679, 0.699, 0.738, 0.646, 0.584, 0.628, 0.643, 0.394], [0.698, 0.639, 0.579, 0.748, 0.534, 0.711, 0.646, 0.743, 0.597, 0.697, 0.834, 0.77, 1.0, 0.895, 0.693, 0.774, 0.708, 0.646, 0.715, 0.775, 0.757, 0.816, 0.79, 0.781, 0.628, 0.621, 0.698, 0.701, 0.446], [0.701, 0.639, 0.589, 0.735, 0.566, 0.695, 0.658, 0.721, 0.616, 0.703, 0.785, 0.738, 0.895, 1.0, 0.746, 0.733, 0.754, 0.626, 0.775, 0.722, 0.738, 0.742, 0.743, 0.742, 0.599, 0.608, 0.658, 0.664, 0.425], [0.668, 0.566, 0.52, 0.849, 0.543, 0.891, 0.669, 0.882, 0.593, 0.764, 0.679, 0.739, 0.693, 0.746, 1.0, 0.616, 0.951, 0.591, 0.868, 0.763, 0.771, 0.751, 0.698, 0.737, 0.633, 0.706, 0.758, 0.755, 0.391], [0.725, 0.586, 0.698, 0.712, 0.616, 0.692, 0.787, 0.699, 0.644, 0.632, 0.78, 0.681, 0.774, 0.733, 0.616, 1.0, 0.651, 0.738, 0.655, 0.735, 0.723, 0.708, 0.698, 0.746, 0.763, 0.558, 0.622, 0.629, 0.391], [0.675, 0.578, 0.557, 0.839, 0.558, 0.87, 0.711, 0.875, 0.619, 0.765, 0.719, 0.756, 0.708, 0.754, 0.951, 0.651, 1.0, 0.606, 0.911, 0.763, 0.8, 0.752, 0.728, 0.775, 0.656, 0.696, 0.743, 0.746, 0.375], [0.694, 0.577, 0.622, 0.631, 0.676, 0.667, 0.638, 0.655, 0.749, 0.632, 0.688, 0.674, 0.646, 0.626, 0.591, 0.738, 0.606, 1.0, 0.619, 0.699, 0.67, 0.614, 0.614, 0.631, 0.553, 0.502, 0.564, 0.578, 0.315], [0.669, 0.614, 0.554, 0.771, 0.5, 0.795, 0.668, 0.797, 0.574, 0.812, 0.689, 0.818, 0.715, 0.775, 0.868, 0.655, 0.911, 0.619, 1.0, 0.736, 0.86, 0.686, 0.691, 0.744, 0.617, 0.643, 0.675, 0.679, 0.379], [0.712, 0.697, 0.603, 0.789, 0.541, 0.789, 0.658, 0.776, 0.652, 0.703, 0.796, 0.743, 0.775, 0.722, 0.763, 0.735, 0.763, 0.699, 0.736, 1.0, 0.798, 0.904, 0.78, 0.785, 0.712, 0.743, 0.835, 0.814, 0.557], [0.692, 0.658, 0.688, 0.728, 0.554, 0.753, 0.724, 0.747, 0.6, 0.726, 0.708, 0.819, 0.757, 0.738, 0.771, 0.723, 0.8, 0.67, 0.86, 0.798, 1.0, 0.751, 0.792, 0.821, 0.673, 0.674, 0.693, 0.699, 0.409], [0.677, 0.691, 0.573, 0.794, 0.499, 0.783, 0.608, 0.796, 0.595, 0.642, 0.756, 0.679, 0.816, 0.742, 0.751, 0.708, 0.752, 0.614, 0.686, 0.904, 0.751, 1.0, 0.825, 0.798, 0.704, 0.796, 0.877, 0.873, 0.574], [0.672, 0.634, 0.694, 0.735, 0.527, 0.704, 0.719, 0.714, 0.604, 0.605, 0.766, 0.699, 0.79, 0.743, 0.698, 0.698, 0.728, 0.614, 0.691, 0.78, 0.792, 0.825, 1.0, 0.947, 0.659, 0.703, 0.75, 0.751, 0.438], [0.672, 0.633, 0.72, 0.738, 0.572, 0.724, 0.759, 0.734, 0.631, 0.649, 0.773, 0.738, 0.781, 0.742, 0.737, 0.746, 0.775, 0.631, 0.744, 0.785, 0.821, 0.798, 0.947, 1.0, 0.715, 0.709, 0.742, 0.741, 0.431], [0.652, 0.616, 0.705, 0.653, 0.584, 0.62, 0.751, 0.654, 0.59, 0.581, 0.651, 0.646, 0.628, 0.599, 0.633, 0.763, 0.656, 0.553, 0.617, 0.712, 0.673, 0.704, 0.659, 0.715, 1.0, 0.645, 0.677, 0.666, 0.426], [0.547, 0.664, 0.553, 0.709, 0.493, 0.682, 0.51, 0.708, 0.542, 0.594, 0.574, 0.584, 0.621, 0.608, 0.706, 0.558, 0.696, 0.502, 0.643, 0.743, 0.674, 0.796, 0.703, 0.709, 0.645, 1.0, 0.932, 0.936, 0.654], [0.62, 0.664, 0.529, 0.773, 0.483, 0.765, 0.55, 0.787, 0.563, 0.654, 0.65, 0.628, 0.698, 0.658, 0.758, 0.622, 0.743, 0.564, 0.675, 0.835, 0.693, 0.877, 0.75, 0.742, 0.677, 0.932, 1.0, 0.98, 0.682], [0.606, 0.671, 0.522, 0.774, 0.495, 0.758, 0.559, 0.79, 0.568, 0.66, 0.656, 0.643, 0.701, 0.664, 0.755, 0.629, 0.746, 0.578, 0.679, 0.814, 0.699, 0.873, 0.751, 0.741, 0.666, 0.936, 0.98, 1.0, 0.683], [0.441, 0.556, 0.327, 0.456, 0.239, 0.411, 0.244, 0.428, 0.286, 0.436, 0.395, 0.394, 0.446, 0.425, 0.391, 0.391, 0.375, 0.315, 0.379, 0.557, 0.409, 0.574, 0.438, 0.431, 0.426, 0.654, 0.682, 0.683, 1.0]], "symbolic_matrix": [[1.0, 0.408, 0.196, 0.378, 0.353, 0.52, 0.431, 0.53, 0.392, 0.694, 0.605, 0.52, 0.549, 0.409, 0.385, 0.408, 0.395, 0.408, 0.48, 0.539, 0.329, 0.378, 0.26, 0.314, 0.6, 0.431, 0.539, 0.529, 0.454], [0.408, 1.0, 0.2, 0.579, 0.32, 0.569, 0.4, 0.433, 0.32, 0.5, 0.347, 0.531, 0.52, 0.417, 0.471, 0.25, 0.477, 0.292, 0.531, 0.55, 0.484, 0.54, 0.341, 0.32, 0.49, 0.44, 0.432, 0.424, 0.463], [0.196, 0.2, 1.0, 0.222, 0.385, 0.146, 0.308, 0.208, 0.308, 0.12, 0.296, 0.235, 0.308, 0.291, 0.264, 0.44, 0.247, 0.36, 0.314, 0.151, 0.322, 0.222, 0.401, 0.462, 0.235, 0.038, 0.113, 0.111, 0.222], [0.378, 0.579, 0.222, 1.0, 0.222, 0.526, 0.259, 0.668, 0.222, 0.347, 0.429, 0.416, 0.519, 0.491, 0.582, 0.231, 0.645, 0.424, 0.567, 0.8, 0.725, 0.821, 0.526, 0.482, 0.454, 0.593, 0.655, 0.643, 0.643], [0.353, 0.32, 0.385, 0.222, 1.0, 0.473, 0.692, 0.485, 0.692, 0.48, 0.408, 0.51, 0.385, 0.437, 0.415, 0.641, 0.317, 0.56, 0.314, 0.189, 0.286, 0.296, 0.437, 0.5, 0.275, 0.269, 0.302, 0.296, 0.222], [0.52, 0.569, 0.146, 0.526, 0.473, 1.0, 0.51, 0.821, 0.51, 0.758, 0.702, 0.743, 0.583, 0.621, 0.608, 0.493, 0.7, 0.531, 0.594, 0.429, 0.61, 0.456, 0.379, 0.364, 0.446, 0.437, 0.429, 0.456, 0.316], [0.431, 0.4, 0.308, 0.259, 0.692, 0.51, 1.0, 0.416, 0.769, 0.52, 0.445, 0.471, 0.5, 0.546, 0.453, 0.6, 0.423, 0.6, 0.471, 0.34, 0.358, 0.222, 0.328, 0.346, 0.392, 0.269, 0.264, 0.259, 0.148], [0.53, 0.433, 0.208, 0.668, 0.485, 0.821, 0.416, 1.0, 0.416, 0.577, 0.768, 0.566, 0.555, 0.591, 0.714, 0.433, 0.73, 0.613, 0.566, 0.544, 0.645, 0.668, 0.492, 0.485, 0.318, 0.624, 0.646, 0.668, 0.501], [0.392, 0.32, 0.308, 0.222, 0.692, 0.51, 0.769, 0.416, 1.0, 0.48, 0.408, 0.51, 0.462, 0.473, 0.453, 0.56, 0.423, 0.681, 0.353, 0.302, 0.358, 0.148, 0.364, 0.346, 0.275, 0.192, 0.189, 0.185, 0.148], [0.694, 0.5, 0.12, 0.347, 0.48, 0.758, 0.52, 0.577, 0.48, 1.0, 0.617, 0.816, 0.641, 0.531, 0.471, 0.458, 0.513, 0.417, 0.653, 0.471, 0.447, 0.309, 0.341, 0.4, 0.572, 0.44, 0.471, 0.463, 0.347], [0.605, 0.347, 0.296, 0.429, 0.408, 0.702, 0.445, 0.768, 0.408, 0.617, 1.0, 0.605, 0.778, 0.526, 0.546, 0.463, 0.509, 0.617, 0.567, 0.4, 0.414, 0.393, 0.386, 0.445, 0.34, 0.371, 0.4, 0.429, 0.286], [0.52, 0.531, 0.235, 0.416, 0.51, 0.743, 0.471, 0.566, 0.51, 0.816, 0.605, 1.0, 0.706, 0.706, 0.654, 0.408, 0.683, 0.408, 0.72, 0.385, 0.511, 0.378, 0.52, 0.549, 0.4, 0.314, 0.308, 0.302, 0.378], [0.549, 0.52, 0.308, 0.519, 0.385, 0.583, 0.5, 0.555, 0.462, 0.641, 0.778, 0.706, 1.0, 0.51, 0.528, 0.44, 0.493, 0.6, 0.706, 0.566, 0.501, 0.445, 0.401, 0.423, 0.314, 0.308, 0.302, 0.296, 0.259], [0.409, 0.417, 0.291, 0.491, 0.437, 0.621, 0.546, 0.591, 0.473, 0.531, 0.526, 0.706, 0.51, 1.0, 0.822, 0.455, 0.867, 0.455, 0.78, 0.429, 0.678, 0.421, 0.517, 0.51, 0.297, 0.364, 0.357, 0.351, 0.421], [0.385, 0.471, 0.264, 0.582, 0.415, 0.608, 0.453, 0.714, 0.453, 0.471, 0.546, 0.654, 0.528, 0.822, 1.0, 0.314, 0.864, 0.511, 0.731, 0.519, 0.668, 0.582, 0.572, 0.604, 0.231, 0.528, 0.519, 0.509, 0.546], [0.408, 0.25, 0.44, 0.231, 0.641, 0.493, 0.6, 0.433, 0.56, 0.458, 0.463, 0.408, 0.44, 0.455, 0.314, 1.0, 0.367, 0.667, 0.367, 0.236, 0.447, 0.231, 0.417, 0.44, 0.286, 0.28, 0.275, 0.27, 0.154], [0.395, 0.477, 0.247, 0.645, 0.317, 0.7, 0.423, 0.73, 0.423, 0.513, 0.509, 0.683, 0.493, 0.867, 0.864, 0.367, 1.0, 0.44, 0.754, 0.553, 0.82, 0.577, 0.567, 0.493, 0.287, 0.493, 0.484, 0.475, 0.543], [0.408, 0.292, 0.36, 0.424, 0.56, 0.531, 0.6, 0.613, 0.681, 0.417, 0.617, 0.408, 0.6, 0.455, 0.511, 0.667, 0.44, 1.0, 0.408, 0.432, 0.447, 0.347, 0.417, 0.44, 0.204, 0.36, 0.354, 0.347, 0.231], [0.48, 0.531, 0.314, 0.567, 0.314, 0.594, 0.471, 0.566, 0.353, 0.653, 0.567, 0.72, 0.706, 0.78, 0.731, 0.367, 0.754, 0.408, 1.0, 0.539, 0.767, 0.529, 0.483, 0.51, 0.32, 0.392, 0.385, 0.378, 0.34], [0.539, 0.55, 0.151, 0.8, 0.189, 0.429, 0.34, 0.544, 0.302, 0.471, 0.4, 0.385, 0.566, 0.429, 0.519, 0.236, 0.553, 0.432, 0.539, 1.0, 0.632, 0.727, 0.465, 0.415, 0.5, 0.642, 0.741, 0.727, 0.691], [0.329, 0.484, 0.322, 0.725, 0.286, 0.61, 0.358, 0.645, 0.358, 0.447, 0.414, 0.511, 0.501, 0.678, 0.668, 0.447, 0.82, 0.447, 0.767, 0.632, 1.0, 0.656, 0.576, 0.501, 0.292, 0.501, 0.492, 0.483, 0.449], [0.378, 0.54, 0.222, 0.821, 0.296, 0.456, 0.222, 0.668, 0.148, 0.309, 0.393, 0.378, 0.445, 0.421, 0.582, 0.231, 0.577, 0.347, 0.529, 0.727, 0.656, 1.0, 0.597, 0.556, 0.34, 0.704, 0.837, 0.821, 0.75], [0.26, 0.341, 0.401, 0.526, 0.437, 0.379, 0.328, 0.492, 0.364, 0.341, 0.386, 0.52, 0.401, 0.517, 0.572, 0.417, 0.567, 0.417, 0.483, 0.465, 0.576, 0.597, 1.0, 0.874, 0.334, 0.473, 0.5, 0.491, 0.526], [0.314, 0.32, 0.462, 0.482, 0.5, 0.364, 0.346, 0.485, 0.346, 0.4, 0.445, 0.549, 0.423, 0.51, 0.604, 0.44, 0.493, 0.44, 0.51, 0.415, 0.501, 0.556, 0.874, 1.0, 0.392, 0.5, 0.528, 0.519, 0.519], [0.6, 0.49, 0.235, 0.454, 0.275, 0.446, 0.392, 0.318, 0.275, 0.572, 0.34, 0.4, 0.314, 0.297, 0.231, 0.286, 0.287, 0.204, 0.32, 0.5, 0.292, 0.34, 0.334, 0.392, 1.0, 0.392, 0.5, 0.491, 0.454], [0.431, 0.44, 0.038, 0.593, 0.269, 0.437, 0.269, 0.624, 0.192, 0.44, 0.371, 0.314, 0.308, 0.364, 0.528, 0.28, 0.493, 0.36, 0.392, 0.642, 0.501, 0.704, 0.473, 0.5, 0.392, 1.0, 0.83, 0.815, 0.667], [0.539, 0.432, 0.113, 0.655, 0.302, 0.429, 0.264, 0.646, 0.189, 0.471, 0.4, 0.308, 0.302, 0.357, 0.519, 0.275, 0.484, 0.354, 0.385, 0.741, 0.492, 0.837, 0.5, 0.528, 0.5, 0.83, 1.0, 0.982, 0.837], [0.529, 0.424, 0.111, 0.643, 0.296, 0.456, 0.259, 0.668, 0.1