{
  "autumn_leaves": {
    "slug": "autumn_leaves",
    "grain": 8,
    "n_bars": 330,
    "n_blocks": 41,
    "tempo_bpm": 187.5,
    "block_bars": [
      [
        0,
        8
      ],
      [
        8,
        16
      ],
      [
        16,
        24
      ],
      [
        24,
        32
      ],
      [
        32,
        40
      ],
      [
        40,
        48
      ],
      [
        48,
        56
      ],
      [
        56,
        64
      ],
      [
        64,
        72
      ],
      [
        72,
        80
      ],
      [
        80,
        88
      ],
      [
        88,
        96
      ],
      [
        96,
        104
      ],
      [
        104,
        112
      ],
      [
        112,
        120
      ],
      [
        120,
        128
      ],
      [
        128,
        136
      ],
      [
        136,
        144
      ],
      [
        144,
        152
      ],
      [
        152,
        160
      ],
      [
        160,
        168
      ],
      [
        168,
        176
      ],
      [
        176,
        184
      ],
      [
        184,
        192
      ],
      [
        192,
        200
      ],
      [
        200,
        208
      ],
      [
        208,
        216
      ],
      [
        216,
        224
      ],
      [
        224,
        232
      ],
      [
        232,
        240
      ],
      [
        240,
        248
      ],
      [
        248,
        256
      ],
      [
        256,
        264
      ],
      [
        264,
        272
      ],
      [
        272,
        280
      ],
      [
        280,
        288
      ],
      [
        288,
        296
      ],
      [
        296,
        304
      ],
      [
        304,
        312
      ],
      [
        312,
        320
      ],
      [
        320,
        330
      ]
    ],
    "block_times_s": [
      [
        0.0,
        10.022314110249669
      ],
      [
        10.022314110249669,
        20.26231411024967
      ],
      [
        20.26231411024967,
        30.502314110249667
      ],
      [
        30.502314110249667,
        40.742314110249666
      ],
      [
        40.742314110249666,
        50.98231411024967
      ],
      [
        50.98231411024967,
        61.22231411024967
      ],
      [
        61.22231411024967,
        71.46231411024966
      ],
      [
        71.46231411024966,
        81.70231411024967
      ],
      [
        81.70231411024967,
        91.94231411024967
      ],
      [
        91.94231411024967,
        102.18231411024966
      ],
      [
        102.18231411024966,
        112.42231411024967
      ],
      [
        112.42231411024967,
        122.66231411024967
      ],
      [
        122.66231411024967,
        132.90231411024968
      ],
      [
        132.90231411024968,
        143.14231411024966
      ],
      [
        143.14231411024966,
        153.38231411024967
      ],
      [
        153.38231411024967,
        163.62231411024968
      ],
      [
        163.62231411024968,
        173.86231411024968
      ],
      [
        173.86231411024968,
        184.10231411024967
      ],
      [
        184.10231411024967,
        194.34231411024967
      ],
      [
        194.34231411024967,
        204.58231411024968
      ],
      [
        204.58231411024968,
        214.82231411024966
      ],
      [
        214.82231411024966,
        225.06231411024967
      ],
      [
        225.06231411024967,
        235.30231411024968
      ],
      [
        235.30231411024968,
        245.54231411024966
      ],
      [
        245.54231411024966,
        255.78231411024967
      ],
      [
        255.78231411024967,
        266.0223141102497
      ],
      [
        266.0223141102497,
        276.2623141102497
      ],
      [
        276.2623141102497,
        286.5023141102497
      ],
      [
        286.5023141102497,
        296.74231411024965
      ],
      [
        296.74231411024965,
        306.98231411024966
      ],
      [
        306.98231411024966,
        317.22231411024967
      ],
      [
        317.22231411024967,
        327.4623141102497
      ],
      [
        327.4623141102497,
        337.7023141102497
      ],
      [
        337.7023141102497,
        347.9423141102497
      ],
      [
        347.9423141102497,
        358.18231411024965
      ],
      [
        358.18231411024965,
        368.42231411024966
      ],
      [
        368.42231411024966,
        378.66231411024967
      ],
      [
        378.66231411024967,
        388.9023141102497
      ],
      [
        388.9023141102497,
        399.1423141102497
      ],
      [
        399.1423141102497,
        409.3823141102497
      ],
      [
        409.3823141102497,
        422.18231411024965
      ]
    ],
    "audio_matrix": [
      [
        1.0,
        0.7894075210492147,
        0.5702864093987063,
        0.6525000173682434,
        0.7207120093506351,
        0.7752859907912794,
        0.7481629838560128,
        0.6764863953050725,
        0.7085337550187102,
        0.7080885931571591,
        0.7458557790981986,
        0.6940459432274201,
        0.7010469604763313,
        0.6721206803693197,
        0.5991146234584925,
        0.6582885704070491,
        0.6673092926593903,
        0.7646315414342757,
        0.7037333851619866,
        0.6853276405741752,
        0.698235346858874,
        0.6660490553984066,
        0.7938654513412187,
        0.723879107052327,
        0.697618765287335,
        0.6874006342323035,
        0.6858771105162542,
        0.6602390005819604,
        0.6552430179203276,
        0.7908833040850385,
        0.7373167571778331,
        0.5510718106495391,
        0.7920149536133977,
        0.5989431321034024,
        0.61639222875702,
        0.6886325100265788,
        0.5725382470494947,
        0.6771092977498162,
        0.7034767851610847,
        0.6859177245030259,
        0.7053524959999532
      ],
      [
        0.7894075210492147,
        1.0,
        0.5411758786806916,
        0.6327588614672397,
        0.5949347667198087,
        0.6776050299031576,
        0.6797378220015344,
        0.6333765731724142,
        0.6552840717497492,
        0.6066738700634163,
        0.627091720311394,
        0.6306226318175533,
        0.6654463571624988,
        0.6091095320172909,
        0.5181775618883483,
        0.5480346692870184,
        0.5761600079532722,
        0.7813307091585192,
        0.5991501566621904,
        0.6385573848628943,
        0.6458801934150605,
        0.5953609189275053,
        0.7134355976013365,
        0.6047816567930413,
        0.6313209085639607,
        0.658919533486427,
        0.6231539511610293,
        0.6417990456505668,
        0.5695397472913776,
        0.6999271245169347,
        0.6555511119430008,
        0.4758260544674361,
        0.6554009524645461,
        0.5359274851716065,
        0.5271284694113969,
        0.6070591652747752,
        0.5831336812152188,
        0.5946053990978297,
        0.5832049498494782,
        0.5686705140912555,
        0.5728215902858237
      ],
      [
        0.5702864093987063,
        0.5411758786806916,
        1.0,
        0.5982183063180285,
        0.7451515040818169,
        0.6904643078973729,
        0.6782792861145175,
        0.6754316293147586,
        0.5717287574534907,
        0.7863653408933451,
        0.6438019141825188,
        0.6793391273802305,
        0.6342166652653403,
        0.6803814581815861,
        0.7696229124672378,
        0.6965226729510869,
        0.6886160149108588,
        0.6835422045889006,
        0.6792253195143835,
        0.7173718842899448,
        0.6531033391283059,
        0.7054104962734749,
        0.6785066435446836,
        0.7613251761831183,
        0.67246896723475,
        0.6696770700187674,
        0.721746170971916,
        0.5853915816366381,
        0.7641763173096099,
        0.6715080512041944,
        0.6671690818110421,
        0.7059028143436663,
        0.6241287611920414,
        0.7868830917990035,
        0.6605661879323874,
        0.6260229383673341,
        0.5871731640494976,
        0.6401434270310367,
        0.7925680633671153,
        0.7315990139392637,
        0.7214737454898565
      ],
      [
        0.6525000173682434,
        0.6327588614672397,
        0.5982183063180285,
        1.0,
        0.7319002491720579,
        0.7213681095375366,
        0.7103983978936796,
        0.7037971576246247,
        0.7247962342187534,
        0.6926507629537265,
        0.7519714796872627,
        0.743562846504348,
        0.7219922432444328,
        0.6696197161722388,
        0.6394819067280073,
        0.7151527230066272,
        0.7537183383635064,
        0.7670643786689835,
        0.685201932044934,
        0.6959026023987849,
        0.7350040554016641,
        0.6888231199901333,
        0.7262532863691535,
        0.7146797024770434,
        0.7068841359873673,
        0.7230617349725567,
        0.7633039867153406,
        0.8350757245988498,
        0.6747706016943739,
        0.700988192826697,
        0.7229038925744091,
        0.6594244025396203,
        0.719805160023701,
        0.6257820141465662,
        0.70082036053596,
        0.762872658363843,
        0.6191317751983522,
        0.7082555339502683,
        0.7183815238296681,
        0.6759365909058445,
        0.6873002862902613
      ],
      [
        0.7207120093506351,
        0.5949347667198087,
        0.7451515040818169,
        0.7319002491720579,
        1.0,
        0.8178766027354103,
        0.7980391555858113,
        0.7594122990152197,
        0.7905483063325285,
        0.9063403821219835,
        0.7831223183644278,
        0.8094122116469642,
        0.7587620951574021,
        0.8188273711770615,
        0.7885516135072386,
        0.6740480219004018,
        0.7473518531548504,
        0.8085878294896875,
        0.7911207039250794,
        0.7909102299022803,
        0.7767328741403847,
        0.7921651482428886,
        0.7591586930130954,
        0.879018479597212,
        0.813054808726049,
        0.7863270577777772,
        0.7898877326720337,
        0.7745786518717281,
        0.8791188095001101,
        0.7735876761542093,
        0.8095985027181107,
        0.7190292721472885,
        0.8338917326340607,
        0.813876114027632,
        0.6984851719449611,
        0.7791056381367361,
        0.6724301583453425,
        0.798038260253598,
        0.9166445414817299,
        0.8887340753428679,
        0.887921975989941
      ],
      [
        0.7752859907912794,
        0.6776050299031576,
        0.6904643078973729,
        0.7213681095375366,
        0.8178766027354103,
        1.0,
        0.8746674626335256,
        0.7800051704227997,
        0.7727913542981977,
        0.7748852344161485,
        0.824514817520325,
        0.8069270918114972,
        0.7977684231063498,
        0.7563960489706403,
        0.7555236255742617,
        0.7097734445780194,
        0.7633873186834861,
        0.7960272765278582,
        0.7536262341415201,
        0.8042631740484361,
        0.8092318427010474,
        0.7867960712630888,
        0.8403500538994846,
        0.7835015157243177,
        0.7940907178812484,
        0.7851664041164135,
        0.7882723738785884,
        0.7547855852077041,
        0.7420362083731371,
        0.8347881452107433,
        0.8006320828680524,
        0.6822665949853745,
        0.8005509136225768,
        0.7658109564595199,
        0.697345441820313,
        0.7382660888075793,
        0.6243247202444788,
        0.7606674395692095,
        0.794166220971118,
        0.7848874285612806,
        0.7852478549912305
      ],
      [
        0.7481629838560128,
        0.6797378220015344,
        0.6782792861145175,
        0.7103983978936796,
        0.7980391555858113,
        0.8746674626335256,
        1.0,
        0.771765054506919,
        0.7714820061986893,
        0.7735409047163184,
        0.8135795230193112,
        0.828103896702794,
        0.7872122203453393,
        0.7813702891541714,
        0.7445880912531136,
        0.7013770061184442,
        0.7438113409899545,
        0.827539942835166,
        0.758159223856655,
        0.8207392627491472,
        0.834387250477757,
        0.7670454123309243,
        0.8446310782757107,
        0.7777501687509263,
        0.7700630072544605,
        0.7995840475220639,
        0.7674647961701442,
        0.7598663339941227,
        0.749090254782601,
        0.826052286357635,
        0.8081387548293575,
        0.6649707540548232,
        0.783065965499812,
        0.7364507810369288,
        0.6801277476979352,
        0.737748543277167,
        0.6836115800086509,
        0.7780596195321257,
        0.7788401937173708,
        0.7797738592834591,
        0.7751567074975731
      ],
      [
        0.6764863953050725,
        0.6333765731724142,
        0.6754316293147586,
        0.7037971576246247,
        0.7594122990152197,
        0.7800051704227997,
        0.771765054506919,
        1.0,
        0.7874374360304808,
        0.7491614431325839,
        0.7937914028031541,
        0.8168505237866162,
        0.7902829520420729,
        0.7788313316283488,
        0.7385628902959914,
        0.7409656969709307,
        0.7823765477317313,
        0.7479499662409202,
        0.7345032064321284,
        0.8047137927803776,
        0.8271964798916442,
        0.8164539751920115,
        0.7794164406623201,
        0.7594901169307127,
        0.7520708820990301,
        0.7724485077840564,
        0.7828647076286337,
        0.7907777458855163,
        0.7643176653894255,
        0.7740945686756111,
        0.7639457231913755,
        0.7062120013641494,
        0.7998247214145688,
        0.748811484969054,
        0.6866570682212457,
        0.7305640594814101,
        0.6877800083806678,
        0.6933120698593686,
        0.7698086946622382,
        0.7716803502846616,
        0.7282106649658314
      ],
      [
        0.7085337550187102,
        0.6552840717497492,
        0.5717287574534907,
        0.7247962342187534,
        0.7905483063325285,
        0.7727913542981977,
        0.7714820061986893,
        0.7874374360304808,
        1.0,
        0.7616857262955394,
        0.7928302820473745,
        0.7610006405789882,
        0.7618806269795426,
        0.7887339908255848,
        0.6889629167567861,
        0.6726757579758988,
        0.7035161702398459,
        0.7568201225387874,
        0.7205845513281518,
        0.7475198300601686,
        0.7661593845764179,
        0.7412319378615972,
        0.7331789622971598,
        0.7778880321583241,
        0.7459391435194621,
        0.7784748997814461,
        0.793865222164019,
        0.7885489655239992,
        0.751801398206456,
        0.7483364652468643,
        0.7703021771820424,
        0.6319425439089219,
        0.8107989762582486,
        0.7006115038606469,
        0.6711039740599016,
        0.7846735787901524,
        0.6504624859762088,
        0.7465931865080773,
        0.7634869939515172,
        0.7640196187858026,
        0.7702442544213346
      ],
      [
        0.7080885931571591,
        0.6066738700634163,
        0.7863653408933451,
        0.6926507629537265,
        0.9063403821219835,
        0.7748852344161485,
        0.7735409047163184,
        0.7491614431325839,
        0.7616857262955394,
        1.0,
        0.7578490141051841,
        0.7991166593714967,
        0.7202766322464322,
        0.8364567575914883,
        0.7673712535587587,
        0.6320670784392526,
        0.7307784859746526,
        0.7932149046747119,
        0.8021814124414075,
        0.776973270941701,
        0.7485802847438867,
        0.7562339043175479,
        0.7696038588533591,
        0.8706553984730665,
        0.801649017073599,
        0.7586668496533122,
        0.7959846482334729,
        0.7255053850925074,
        0.9112312553886961,
        0.7364387550096465,
        0.7979717231827035,
        0.7503221096396544,
        0.7761928446747408,
        0.8408221462147347,
        0.7055250427138242,
        0.7536850714599144,
        0.6858655501614878,
        0.7995282183221484,
        0.9250848424890388,
        0.8886364896226795,
        0.8667490612573889
      ],
      [
        0.7458557790981986,
        0.627091720311394,
        0.6438019141825188,
        0.7519714796872627,
        0.7831223183644278,
        0.824514817520325,
        0.8135795230193112,
        0.7937914028031541,
        0.7928302820473745,
        0.7578490141051841,
        1.0,
        0.8199661819578061,
        0.80961830561969,
        0.7440968587360111,
        0.6979496267753378,
        0.6953778048314501,
        0.7722532669818156,
        0.7740628181959037,
        0.7869650136094128,
        0.8016302876046133,
        0.8368303046312642,
        0.8027304775151443,
        0.8175308263653305,
        0.8124915529528549,
        0.7849807703747038,
        0.7680105582872472,
        0.8046820297073038,
        0.788935546523579,
        0.7652101312387602,
        0.8225105152597605,
        0.8196807817306846,
        0.6629432469719543,
        0.828853165185337,
        0.7488731131630111,
        0.7197617321276129,
        0.7924899043962554,
        0.6370274121067149,
        0.746944917821744,
        0.7807897401695165,
        0.7636194539669143,
        0.765226832214287
      ],
      [
        0.6940459432274201,
        0.6306226318175533,
        0.6793391273802305,
        0.743562846504348,
        0.8094122116469642,
        0.8069270918114972,
        0.828103896702794,
        0.8168505237866162,
        0.7610006405789882,
        0.7991166593714967,
        0.8199661819578061,
        1.0,
        0.8139207341094143,
        0.7408047774303962,
        0.7346447223617661,
        0.6584835152644269,
        0.7805021481657253,
        0.8348494267558315,
        0.834401195248244,
        0.800947285125911,
        0.8204430630725044,
        0.8150081381640921,
        0.7614080662899096,
        0.8079180199957321,
        0.7798683348438153,
        0.7664910774883218,
        0.7705215014133839,
        0.8000730301173551,
        0.7820487277102295,
        0.7772239565168648,
        0.7864381680566923,
        0.6807739821111553,
        0.7427041832146538,
        0.774182080320468,
        0.6917132211976965,
        0.7497198670353916,
        0.6593366128438909,
        0.773955675646955,
        0.8020061083427814,
        0.7904944785806709,
        0.770969300374613
      ],
      [
        0.7010469604763313,
        0.6654463571624988,
        0.6342166652653403,
        0.7219922432444328,
        0.7587620951574021,
        0.7977684231063498,
        0.7872122203453393,
        0.7902829520420729,
        0.7618806269795426,
        0.7202766322464322,
        0.80961830561969,
        0.8139207341094143,
        1.0,
        0.7267995274308151,
        0.6561902276245276,
        0.6816291626867094,
        0.745064814989858,
        0.7962102458645111,
        0.7464187372833422,
        0.8200610464977058,
        0.8339968921319689,
        0.7951883145641057,
        0.7570675480560103,
        0.7401675968437846,
        0.8035493908676923,
        0.8096064628314608,
        0.8064736577169318,
        0.7831291882056117,
        0.7214935554116924,
        0.7986107673093785,
        0.8197185573981878,
        0.6882578877039228,
        0.791070066899694,
        0.7326472216025265,
        0.667247251564035,
        0.7288255522277857,
        0.7276002119985332,
        0.6787814081439602,
        0.7463062788229351,
        0.7250559991858907,
        0.7195183512286504
      ],
      [
        0.6721206803693197,
        0.6091095320172909,
        0.6803814581815861,
        0.6696197161722388,
        0.8188273711770615,
        0.7563960489706403,
        0.7813702891541714,
        0.7788313316283488,
        0.7887339908255848,
        0.8364567575914883,
        0.7440968587360111,
        0.7408047774303962,
        0.7267995274308151,
        1.0,
        0.7029086005685129,
        0.6323547788723313,
        0.6766044230004127,
        0.7583711740911541,
        0.7761290994354848,
        0.7221198113425177,
        0.7457803432406872,
        0.7443167504440708,
        0.7435945347831491,
        0.8175895866805014,
        0.7438021442400427,
        0.7769223052101424,
        0.7402345169177237,
        0.7411276636754636,
        0.8251900941602113,
        0.7457785603543455,
        0.79514630114385,
        0.6391691537629373,
        0.8122065734926875,
        0.732723445009359,
        0.6688624388977739,
        0.73228849835953,
        0.6679026774350945,
        0.8305897958610584,
        0.8260774687744732,
        0.8157638976476917,
        0.822358576460317
      ],
      [
        0.5991146234584925,
        0.5181775618883483,
        0.7696229124672378,
        0.6394819067280073,
        0.7885516135072386,
        0.7555236255742617,
        0.7445880912531136,
        0.7385628902959914,
        0.6889629167567861,
        0.7673712535587587,
        0.6979496267753378,
        0.7346447223617661,
        0.6561902276245276,
        0.7029086005685129,
        1.0,
        0.7047732354661543,
        0.6297307291334935,
        0.6921200442117889,
        0.6626709025376183,
        0.7775299107601972,
        0.7221359986695343,
        0.7284765842531512,
        0.711924825435103,
        0.7984472933728881,
        0.7329423283744685,
        0.7324125458649693,
        0.7221196372256439,
        0.6992491156256211,
        0.7508973977031168,
        0.6893262168358641,
        0.6629379951490274,
        0.7637398436460037,
        0.6662040003355684,
        0.7881336907720138,
        0.6583640590149286,
        0.6104789297202088,
        0.6223756378354981,
        0.6468716801768933,
        0.7805303314366352,
        0.7661002476111793,
        0.7393089692944165
      ],
      [
        0.6582885704070491,
        0.5480346692870184,
        0.6965226729510869,
        0.7151527230066272,
        0.6740480219004018,
        0.7097734445780194,
        0.7013770061184442,
        0.7409656969709307,
        0.6726757579758988,
        0.6320670784392526,
        0.6953778048314501,
        0.6584835152644269,
        0.6816291626867094,
        0.6323547788723313,
        0.7047732354661543,
        1.0,
        0.7840816309570346,
        0.6611011890746815,
        0.6212153202922561,
        0.7201729147437542,
        0.693298247793578,
        0.7153779175181042,
        0.6789715169866531,
        0.6927174357855552,
        0.6685149917528008,
        0.6974221668391873,
        0.6986472614605431,
        0.7065594148553558,
        0.6247912458099556,
        0.6990665845788672,
        0.6859413980888397,
        0.6246948513890372,
        0.7102256514021298,
        0.683683819139615,
        0.706745285546793,
        0.6972039174945656,
        0.559988120053287,
        0.6297610275107476,
        0.6705823979385332,
        0.6679903708820252,
        0.6540811210735223
      ],
      [
        0.6673092926593903,
        0.5761600079532722,
        0.6886160149108588,
        0.7537183383635064,
        0.7473518531548504,
        0.7633873186834861,
        0.7438113409899545,
        0.7823765477317313,
        0.7035161702398459,
        0.7307784859746526,
        0.7722532669818156,
        0.7805021481657253,
        0.745064814989858,
        0.6766044230004127,
        0.6297307291334935,
        0.7840816309570346,
        1.0,
        0.7467624795491723,
        0.7102760729901708,
        0.7624030657291385,
        0.7703874744861618,
        0.746207954585266,
        0.7188451191792087,
        0.7266402787805523,
        0.7585287099147566,
        0.7227097661736118,
        0.7465925990264548,
        0.7210237949736894,
        0.7339260664553536,
        0.7557267695725614,
        0.7633819449445838,
        0.6547505436255676,
        0.7388359845884622,
        0.708739838133404,
        0.6600362405397746,
        0.7539045186054629,
        0.6230735822023502,
        0.699248188245706,
        0.7675346137245838,
        0.7294572233206528,
        0.7259099877595201
      ],
      [
        0.7646315414342757,
        0.7813307091585192,
        0.6835422045889006,
        0.7670643786689835,
        0.8085878294896875,
        0.7960272765278582,
        0.827539942835166,
        0.7479499662409202,
        0.7568201225387874,
        0.7932149046747119,
        0.7740628181959037,
        0.8348494267558315,
        0.7962102458645111,
        0.7583711740911541,
        0.6921200442117889,
        0.6611011890746815,
        0.7467624795491723,
        1.0,
        0.7651515239616629,
        0.7800758087206832,
        0.8093918582753579,
        0.7553020531713572,
        0.7886081611508418,
        0.7761588394906305,
        0.8046363191068977,
        0.8029174958620011,
        0.7665056841633289,
        0.7670904365688571,
        0.7711522365988976,
        0.776831584531166,
        0.8075641442872052,
        0.6589548312265822,
        0.7576912228956816,
        0.7419231909964362,
        0.6625105412845488,
        0.7443907433306051,
        0.7396802260622817,
        0.7567217063304612,
        0.7840003934457442,
        0.7617345122424783,
        0.7698141684670146
      ],
      [
        0.7037333851619866,
        0.5991501566621904,
        0.6792253195143835,
        0.685201932044934,
        0.7911207039250794,
        0.7536262341415201,
        0.758159223856655,
        0.7345032064321284,
        0.7205845513281518,
        0.8021814124414075,
        0.7869650136094128,
        0.834401195248244,
        0.7464187372833422,
        0.7761290994354848,
        0.6626709025376183,
        0.6212153202922561,
        0.7102760729901708,
        0.7651515239616629,
        1.0,
        0.6915121339003303,
        0.7681641426907273,
        0.750714580969774,
        0.7037012913638527,
        0.8266292373544994,
        0.7337711164778363,
        0.7158729609668574,
        0.7234713863735251,
        0.6999807945308733,
        0.7917870027518108,
        0.6890807720022529,
        0.76389135016864,
        0.6015494257266187,
        0.7655055627987117,
        0.7136297271999279,
        0.6709955145401718,
        0.7484654101627868,
        0.5984995205895808,
        0.8140431663387204,
        0.8076609887957125,
        0.8003758254889919,
        0.8005804813436459
      ],
      [
        0.6853276405741752,
        0.6385573848628943,
        0.7173718842899448,
        0.6959026023987849,
        0.7909102299022803,
        0.8042631740484361,
        0.8207392627491472,
        0.8047137927803776,
        0.7475198300601686,
        0.776973270941701,
        0.8016302876046133,
        0.800947285125911,
        0.8200610464977058,
        0.7221198113425177,
        0.7775299107601972,
        0.7201729147437542,
        0.7624030657291385,
        0.7800758087206832,
        0.6915121339003303,
        1.0,
        0.8321531303199714,
        0.8140288820384052,
        0.7880716929509786,
        0.8061173960525245,
        0.7945518226937001,
        0.7841814455690468,
        0.7798238332952871,
        0.7692389813148548,
        0.747207734401707,
        0.7672938734999428,
        0.7618981926910189,
        0.7666409738550948,
        0.7521618641711176,
        0.8058350181539902,
        0.6576751433493423,
        0.6799198460373538,
        0.7070232304631361,
        0.6956078819426103,
        0.7853357636685931,
        0.7737796370748669,
        0.7655363437544123
      ],
      [
        0.698235346858874,
        0.6458801934150605,
        0.6531033391283059,
        0.7350040554016641,
        0.7767328741403847,
        0.8092318427010474,
        0.834387250477757,
        0.8271964798916442,
        0.7661593845764179,
        0.7485802847438867,
        0.8368303046312642,
        0.8204430630725044,
        0.8339968921319689,
        0.7457803432406872,
        0.7221359986695343,
        0.693298247793578,
        0.7703874744861618,
        0.8093918582753579,
        0.7681641426907273,
        0.8321531303199714,
        1.0,
        0.8129432359874504,
        0.8056340446858721,
        0.7916095135221664,
        0.7867756504669323,
        0.8121525097826332,
        0.8211739463307877,
        0.7918930325270281,
        0.7306425091427027,
        0.812351172550956,
        0.7955000449109855,
        0.7340893909681866,
        0.7985656347389474,
        0.7227346895650281,
        0.685227335577478,
        0.7096661492031052,
        0.7174840159259812,
        0.7139167820000835,
        0.7617991976281555,
        0.7871299634889688,
        0.7333313458865084
      ],
      [
        0.6660490553984066,
        0.5953609189275053,
        0.7054104962734749,
        0.6888231199901333,
        0.7921651482428886,
        0.7867960712630888,
        0.7670454123309243,
        0.8164539751920115,
        0.7412319378615972,
        0.7562339043175479,
        0.8027304775151443,
        0.8150081381640921,
        0.7951883145641057,
        0.7443167504440708,
        0.7284765842531512,
        0.7153779175181042,
        0.746207954585266,
        0.7553020531713572,
        0.750714580969774,
        0.8140288820384052,
        0.8129432359874504,
        1.0,
        0.7451746100750877,
        0.7926684149432646,
        0.771891746497829,
        0.7667943313483416,
        0.7643070142284285,
        0.7567269076565157,
        0.7883630446319625,
        0.7707991810351762,
        0.7578866460846851,
        0.7085351877365421,
        0.7783675474013323,
        0.7526088030422835,
        0.6597046322991281,
        0.7095459975641062,
        0.6529979145085605,
        0.7171018152912384,
        0.7903275026596415,
        0.7811216349000549,
        0.7513609046949161
      ],
      [
        0.7938654513412187,
        0.7134355976013365,
        0.6785066435446836,
        0.7262532863691535,
        0.7591586930130954,
        0.8403500538994846,
        0.8446310782757107,
        0.7794164406623201,
        0.7331789622971598,
        0.7696038588533591,
        0.8175308263653305,
        0.7614080662899096,
        0.7570675480560103,
        0.7435945347831491,
        0.711924825435103,
        0.6789715169866531,
        0.7188451191792087,
        0.7886081611508418,
        0.7037012913638527,
        0.7880716929509786,
        0.8056340446858721,
        0.7451746100750877,
        1.0,
        0.7375187162917669,
        0.7516976356982852,
        0.7873323817272038,
        0.7725678871178123,
        0.7354207060264351,
        0.7095124586026209,
        0.8271853879923723,
        0.7759971316973588,
        0.6684220417678083,
        0.788730728013771,
        0.7171385446481472,
        0.702948018778322,
        0.7198476690751291,
        0.6487859922998567,
        0.736337424666999,
        0.7471533705648099,
        0.750685144119938,
        0.7655507015967407
      ],
      [
        0.723879107052327,
        0.6047816567930413,
        0.7613251761831183,
        0.7146797024770434,
        0.879018479597212,
        0.7835015157243177,
        0.7777501687509263,
        0.7594901169307127,
        0.7778880321583241,
        0.8706553984730665,
        0.8124915529528549,
        0.8079180199957321,
        0.7401675968437846,
        0.8175895866805014,
        0.7984472933728881,
        0.6927174357855552,
        0.7266402787805523,
        0.7761588394906305,
        0.8266292373544994,
        0.8061173960525245,
        0.7916095135221664,
        0.7926684149432646,
        0.7375187162917669,
        1.0,
        0.7887047182123228,
        0.7599486839237708,
        0.7836389320348545,
        0.7498538354454639,
        0.8492237014704964,
        0.7415458694866075,
        0.784979515610587,
        0.7123585545232487,
        0.8153605787761222,
        0.8052234672831879,
        0.6848550991896225,
        0.7419727901295445,
        0.647976747794715,
        0.7875047150577714,
        0.8758938743002675,
        0.8496259341389207,
        0.8675652417015414
      ],
      [
        0.697618765287335,
        0.6313209085639607,
        0.67246896723475,
        0.7068841359873673,
        0.813054808726049,
        0.7940907178812484,
        0.7700630072544605,
        0.7520708820990301,
        0.7459391435194621,
        0.801649017073599,
        0.7849807703747038,
        0.7798683348438153,
        0.8035493908676923,
        0.7438021442400427,
        0.7329423283744685,
        0.6685149917528008,
        0.7585287099147566,
        0.8046363191068977,
        0.7337711164778363,
        0.7945518226937001,
        0.7867756504669323,
        0.771891746497829,
        0.7516976356982852,
        0.7887047182123228,
        1.0,
        0.8447263207240427,
        0.7630146125439481,
        0.7375492879325131,
        0.7890049382624691,
        0.7412828122037105,
        0.7934848934710921,
        0.6966753627975528,
        0.7460874717017738,
        0.7643505517324058,
        0.6666897174341742,
        0.7162106156115655,
        0.7230822875410859,
        0.683085393577624,
        0.8006029847121818,
        0.751808975923659,
        0.7766850604613467
      ],
      [
        0.6874006342323035,
        0.658919533486427,
        0.6696770700187674,
        0.7230617349725567,
        0.7863270577777772,
        0.7851664041164135,
        0.7995840475220639,
        0.7724485077840564,
        0.7784748997814461,
        0.7586668496533122,
        0.7680105582872472,
        0.7664910774883218,
        0.8096064628314608,
        0.7769223052101424,
        0.7324125458649693,
        0.6974221668391873,
        0.7227097661736118,
        0.8029174958620011,
        0.7158729609668574,
        0.7841814455690468,
        0.8121525097826332,
        0.7667943313483416,
        0.7873323817272038,
        0.7599486839237708,
        0.8447263207240427,
        1.0,
        0.7953168496538829,
        0.7609042544388844,
        0.7485427179383813,
        0.7723185205582084,
        0.7638587308855449,
        0.6991344266521153,
        0.7548849532980846,
        0.7119396921002625,
        0.6544430716976564,
        0.7090493604837853,
        0.7439007599604218,
        0.7256717100398085,
        0.7684306874756006,
        0.7479243554838712,
        0.7516666636793268
      ],
      [
        0.6858771105162542,
        0.6231539511610293,
        0.721746170971916,
        0.7633039867153406,
        0.7898877326720337,
        0.7882723738785884,
        0.7674647961701442,
        0.7828647076286337,
        0.793865222164019,
        0.7959846482334729,
        0.8046820297073038,
        0.7705215014133839,
        0.8064736577169318,
        0.7402345169177237,
        0.7221196372256439,
        0.6986472614605431,
        0.7465925990264548,
        0.7665056841633289,
        0.7234713863735251,
        0.7798238332952871,
        0.8211739463307877,
        0.7643070142284285,
        0.7725678871178123,
        0.7836389320348545,
        0.7630146125439481,
        0.7953168496538829,
        1.0,
        0.7626067942335908,
        0.7417508597843145,
        0.7676915932237518,
        0.7725951735744727,
        0.7706691102090024,
        0.77896069765654,
        0.7688592861904266,
        0.7441412435725957,
        0.7374987289862459,
        0.6235162290451655,
        0.6872897343389964,
        0.7978888500258847,
        0.7474150791444885,
        0.7147046043313344
      ],
      [
        0.6602390005819604,
        0.6417990456505668,
        0.5853915816366381,
        0.8350757245988498,
        0.7745786518717281,
        0.7547855852077041,
        0.7598663339941227,
        0.7907777458855163,
        0.7885489655239992,
        0.7255053850925074,
        0.788935546523579,
        0.8000730301173551,
        0.7831291882056117,
        0.7411276636754636,
        0.6992491156256211,
        0.7065594148553558,
        0.7210237949736894,
        0.7670904365688571,
        0.6999807945308733,
        0.7692389813148548,
        0.7918930325270281,
        0.7567269076565157,
        0.7354207060264351,
        0.7498538354454639,
        0.7375492879325131,
        0.7609042544388844,
        0.7626067942335908,
        1.0,
        0.733460021698317,
        0.7650978470842844,
        0.769718242695042,
        0.6861432847866986,
        0.753727216593159,
        0.6739461555486024,
        0.7278650802990398,
        0.7815306023917152,
        0.6438256249799076,
        0.742992519083483,
        0.7483497715655433,
        0.7225738357127797,
        0.7267626104925746
      ],
      [
        0.6552430179203276,
        0.5695397472913776,
        0.7641763173096099,
        0.6747706016943739,
        0.8791188095001101,
        0.7420362083731371,
        0.749090254782601,
        0.7643176653894255,
        0.751801398206456,
        0.9112312553886961,
        0.7652101312387602,
        0.7820487277102295,
        0.7214935554116924,
        0.8251900941602113,
        0.7508973977031168,
        0.6247912458099556,
        0.7339260664553536,
        0.7711522365988976,
        0.7917870027518108,
        0.747207734401707,
        0.7306425091427027,
        0.7883630446319625,
        0.7095124586026209,
        0.8492237014704964,
        0.7890049382624691,
        0.7485427179383813,
        0.7417508597843145,
        0.733460021698317,
        1.0,
        0.717136809256754,
        0.8205241858585346,
        0.7075480094725322,
        0.7788865698144107,
        0.8152578396957111,
        0.6710598988610421,
        0.7621219483176631,
        0.688275541846764,
        0.7784429413649079,
        0.8886422409195449,
        0.8517718327557058,
        0.8221942104969244
      ],
      [
        0.7908833040850385,
        0.6999271245169347,
        0.6715080512041944,
        0.700988192826697,
        0.7735876761542093,
        0.8347881452107433,
        0.826052286357635,
        0.7740945686756111,
        0.7483364652468643,
        0.7364387550096465,
        0.8225105152597605,
        0.7772239565168648,
        0.7986107673093785,
        0.7457785603543455,
        0.6893262168358641,
        0.6990665845788672,
        0.7557267695725614,
        0.776831584531166,
        0.6890807720022529,
        0.7672938734999428,
        0.812351172550956,
        0.7707991810351762,
        0.8271853879923723,
        0.7415458694866075,
        0.7412828122037105,
        0.7723185205582084,
        0.7676915932237518,
        0.7650978470842844,
        0.717136809256754,
        1.0,
        0.8147737358316502,
        0.6922499328667299,
        0.8015044682194803,
        0.6901362629099487,
        0.6714665357457007,
        0.6957059246692124,
        0.6638445184168837,
        0.7132259048370136,
        0.7566297351602067,
        0.7322681135657767,
        0.7047418120379269
      ],
      [
        0.7373167571778331,
        0.6555511119430008,
        0.6671690818110421,
        0.7229038925744091,
        0.8095985027181107,
        0.8006320828680524,
        0.8081387548293575,
        0.7639457231913755,
        0.7703021771820424,
        0.7979717231827035,
        0.8196807817306846,
        0.7864381680566923,
        0.8197185573981878,
        0.79514630114385,
        0.6629379951490274,
        0.6859413980888397,
        0.7633819449445838,
        0.8075641442872052,
        0.76389135016864,
        0.7618981926910189,
        0.7955000449109855,
        0.7578866460846851,
        0.7759971316973588,
        0.784979515610587,
        0.7934848934710921,
        0.7638587308855449,
        0.7725951735744727,
        0.769718242695042,
        0.8205241858585346,
        0.8147737358316502,
